1324.699855	26,480	248	33	1.531400687	
1916.966788	27,333	306	35	2.112166233	0.0338757400476149
2035.646025	27,331	344	42	2.277542197	0.0151636669738879
1918.996141	27,359	318	39	2.138084060	0.0449185999253446
1945.114067	27,357	374	42	2.301977607	0.083128377269045
2115.485705	27,337	327	28	2.337569535	0.100314385874711
2130.230397	27,327	343	31	2.368870767	0.151935544564412
2321.224834	27,406	393	37	2.594389255	0.141187481589367
2231.738918	27,335	331	23	2.450031237	0.132935764227223
2399.258010	27,346	420	31	2.653091781	0.126691518382594
2488.214852	27,401	412	23	2.729466486	0.119664335100128
2482.450260	27,372	411	31	2.711583961	0.114220789279337
2733.545917	27,369	463	45	3.019966284	0.110209750888416
2858.872816	27,372	491	42	3.132404839	0.105784727404478
3082.938176	27,419	503	43	3.369298735	0.101451528147749
3250.763960	27,413	558	44	3.562984257	0.0980610940606198
3428.229592	27,421	550	55	3.779590612	0.0950699830232957
3312.430259	27,350	539	52	3.620634471	0.0928940083484832
3362.883349	27,371	569	48	3.674382430	0.0919943755526788
3453.570487	27,364	557	49	3.770492212	0.0899669404904034
3916.725718	27,367	656	56	4.267093363	0.0882676279343423
4262.266519	27,477	732	71	4.684390116	0.0870469274941557
4303.113523	27,576	664	53	4.668826477	0.0917401274409878
4250.959159	28,680	715	64	4.637332009	0.0900681642608656
4137.534973	28,921	647	53	4.516418140	0.0884117611996188
4300.493374	31,066	704	61	4.788730336	0.0870348086215821
4906.682643	29,904	837	71	5.389001362	0.0856866599769913
4990.152747	28,721	827	69	5.442270546	0.0843147327216276
5271.624365	29,714	970	102	5.849318103	0.0840890452191723
5375.874525	29,717	916	88	5.993776043	0.0837127052119889
5514.992559	29,782	946	85	6.041471306	0.083329145359472
5699.465198	31,307	915	76	6.199357832	0.0819024179866376
6070.437166	32,714	1,001	90	6.649807355	0.0806288697420419
6398.827933	29,807	1,039	86	7.001771609	0.0795260618037803
7046.257987	30,021	1,230	95	7.769743369	0.0789281315106499
7074.298724	33,266	1,214	95	7.775177528	0.0789199817205141
7660.787882	34,529	1,363	121	8.434608186	0.0840730894784817
7849.050290	33,609	1,395	124	8.683926136	0.083700305765851
8331.907414	37,078	1,450	132	9.176586725	0.0837840835921265
8548.314532	31,907	1,506	131	9.435373348	0.0840153868830752
8734.727060	38,661	1,479	121	9.583745199	0.0848415403940855
9339.655539	31,967	1,636	144	10.380035971	0.0842525474521424
2073.181406	26,537	374	37	2.325427739	0.0830628875805918
1890.030860	27,340	306	23	2.068696140	0.00696977192135391
2047.010130	27,317	341	32	2.243676207	0.0217911214703237
2027.579182	27,328	369	35	2.233500349	0.0148673468061891
2190.931249	27,333	392	39	2.415014100	0.0155463123605697
2079.413770	27,353	366	34	2.301797792	0.0178398800283326
2233.306914	27,338	395	34	2.481058441	0.0194321009430285
2291.899711	27,387	372	25	2.520202037	0.020279660195729
2250.304178	27,314	391	36	2.489181654	0.019048310867544
2214.923420	27,346	363	30	2.422556736	0.0171535200053017
2279.929866	27,407	373	39	2.497698926	0.0216712185376128
2533.862270	27,361	441	44	2.775509617	0.0290578357986517
2520.893181	27,365	440	38	2.896541636	0.07049094102145
2875.231807	27,430	516	46	3.170594979	0.067592207358123
3011.187856	27,403	524	50	3.446629954	0.0858599479569109
3124.635778	27,368	568	53	3.572755836	0.0835725221033364
3461.861709	27,399	633	59	3.835422316	0.080562832409593
3516.503246	27,370	589	52	3.865556213	0.0795724976570449
3921.338081	27,372	684	54	4.356182348	0.08085321990601
3882.687964	27,387	698	58	4.291051356	0.0801334164723417
4254.839745	27,392	758	68	4.728896667	0.0963471399736257
4276.646910	27,487	776	84	4.830408566	0.0942591437483904
4131.887298	28,700	703	60	4.547378149	0.0921397845777547
4104.697194	28,707	740	64	4.642683901	0.0905460711170305
4379.476081	29,816	737	73	4.863643357	0.0891282244174528
4789.815943	30,238	864	83	5.283238753	0.0881021025180653
5284.050940	29,999	954	86	5.868916797	0.0882822112403521
5073.332228	30,210	860	82	5.705284372	0.0917536723155587
4952.752027	28,997	836	60	5.419120653	0.0912991794423537
5819.819574	28,724	1,036	92	6.423935403	0.0907603627761676
5771.322151	29,052	1,014	100	6.362532544	0.0903297924271649
6130.048907	30,101	1,077	97	6.744199254	0.0890058583731424
6175.894736	29,921	1,093	94	6.793858322	0.0875142503200965
6706.569018	31,772	1,166	104	7.350679304	0.087897013681949
6901.251206	32,384	1,253	106	7.611682605	0.0911285020627915
7350.930508	33,928	1,289	116	8.107434524	0.0994131329976445
7516.549653	36,488	1,335	106	8.268465922	0.105365841434176
7917.029449	37,413	1,397	125	8.769147504	0.104012176478352
8258.425932	33,840	1,446	124	9.103580998	0.103473024324227
8439.862540	34,842	1,506	144	9.313220936	0.102031726967957
8879.603052	38,610	1,580	144	9.803729313	0.101368566392686
9281.122660	31,916	1,601	143	10.245153425	0.101400853794117
1929.061075	26,554	339	34	2.128443569	0.103415188675678
1937.027224	27,318	343	35	2.130903642	0.00221104745990569
2026.794052	27,308	369	35	2.248048784	0.00900574162840697
2077.421767	27,325	351	30	2.282764664	0.0303963240060033
1930.129934	27,328	367	31	2.236700775	0.0232590040635749
2128.712194	27,337	334	27	2.334544844	0.022267893770932
2163.710220	27,345	379	29	2.379815938	0.0211847898175542
2247.576740	27,414	390	35	2.482505166	0.0201856746244081
2262.890308	27,345	382	38	2.466409318	0.0223185389829902
2312.998824	27,345	412	44	2.542078587	0.0264168837163497
2423.890572	27,371	438	40	2.692193253	0.0331195832740431
2589.008981	27,354	416	34	2.847932588	0.0951963413201964
2594.161436	27,361	468	43	2.849203654	0.120042594592491
2907.965678	27,388	496	54	3.207460800	0.114121506513822
2964.003006	27,384	546	45	3.388372565	0.117533311621516
3137.053447	27,418	543	46	3.477224081	0.116249338398955
3440.741939	27,403	581	54	3.783193351	0.112952557737852
3440.195968	27,384	620	48	3.881700924	0.111036008318377
3964.262910	27,391	725	66	4.403515461	0.109329514506668
3932.932364	27,404	687	65	4.312490663	0.108130711969488
4154.122386	27,414	692	60	4.563889915	0.106855190353073
4493.790148	27,524	786	66	4.937670638	0.105796235126173
4115.696359	28,712	747	62	4.562868411	0.110917814484584
4273.444055	28,714	702	58	4.665479252	0.116729608171586
3956.592975	29,889	672	62	4.475558616	0.114279008533546
5393.981952	27,580	959	91	5.987369928	0.112788141302515
5240.136138	29,711	915	76	5.866166186	0.110610891075462
5238.257679	29,871	932	97	5.788461421	0.108677038150805
5332.351130	29,891	926	81	5.858391547	0.106728863460495
6021.566454	28,714	1,078	90	6.654514204	0.105298362386497
5831.604893	30,438	1,017	78	6.537396324	0.103681622521208
6009.609139	30,976	1,026	84	6.583860581	0.102174865598567
6363.245685	30,064	1,115	96	7.025602188	0.100639736920769
6678.479133	35,735	1,174	102	7.398317082	0.0991834670349116
7076.285855	32,133	1,208	90	7.800838536	0.0978932332676127
7163.623282	32,105	1,252	120	7.875782991	0.0965649614528268
7778.569789	31,415	1,356	111	8.583950440	0.0950056102987221
7712.856510	33,727	1,341	115	8.480576231	0.0936162936506366
8079.155262	35,404	1,434	125	8.918602599	0.0922997957082615
8083.832240	31,210	1,394	115	8.921635057	0.0912412476125526
8888.913186	32,967	1,550	119	9.780666569	0.0957503197097787
9409.613864	33,560	1,666	147	10.408907908	0.095348550820715
1964.904486	26,558	338	34	2.158712800	0.0951119488576871
1836.839300	27,337	301	25	2.006975020	0.00316373217068194
1920.885512	27,324	321	32	2.105918619	0.00337726882418577
2048.259207	27,331	348	36	2.266226199	0.00486913543602106
2108.730932	27,334	356	40	2.349162086	0.00407577037050131
2075.625320	27,338	366	39	2.295612913	0.00509433226302728
2141.652487	27,326	349	31	2.344736136	0.00560626992563697
2235.766928	27,401	385	31	2.446663104	0.00692908405297322
2295.068448	27,326	403	39	2.550201363	0.00773903002949561
2232.615859	27,339	408	41	2.594485099	0.0108255547279873
2495.714592	27,404	433	43	2.761096807	0.0486151445016879
2457.432909	27,346	414	36	2.810164264	0.0534690010204035
2790.458395	27,355	492	43	3.107278389	0.0509984752826395
2829.251143	27,367	480	45	3.117233672	0.0536788733810657
3008.917281	27,406	508	39	3.313824706	0.0626634138316923
3230.465004	27,422	586	54	3.566859309	0.0810475301792116
3410.992138	27,404	563	48	3.782719748	0.0929115565073202
3811.388673	27,377	667	40	4.184053407	0.0980952788104831
3870.118513	27,385	697	66	4.273573980	0.114149674659559
4056.477355	27,370	710	56	4.454921341	0.119515325852856
3862.564982	27,382	659	55	4.241188621	0.116633820368602
4092.410802	27,473	658	60	4.457667149	0.113874467162779
4092.575843	28,690	683	63	4.507860494	0.111845347982484
4541.360983	29,961	827	77	5.030185962	0.110181057176616
4370.336334	32,354	758	64	4.804270697	0.108336504992582
5425.602988	27,618	964	83	6.024808760	0.106613702779606
5090.774275	32,381	871	66	5.612898077	0.105155060584323
5556.327499	30,830	969	81	6.188888878	0.103831667212773
5349.202491	29,013	949	81	6.025438107	0.10236056231519
5770.033176	28,727	965	82	6.325290374	0.101275354963641
6201.173266	28,763	1,041	80	6.823827586	0.101026411168919
6159.223611	31,155	1,024	81	6.792512239	0.102768565011168
6512.915350	30,187	1,110	93	7.167126554	0.120514369722071
6707.620081	30,319	1,206	108	7.408963285	0.118669250657335
6946.901080	30,850	1,189	97	7.665988097	0.117042193484582
6906.661251	35,590	1,143	110	7.591190540	0.115674622814465
7639.307955	32,981	1,290	104	8.421527052	0.135261386514688
7727.871622	34,234	1,340	118	8.529536667	0.135061060272063
8166.456629	35,250	1,424	111	8.967549513	0.134405278494227
8467.208509	33,617	1,539	132	9.337503120	0.132305351422465
8617.146172	33,473	1,464	111	9.437471486	0.130561159005813
9281.760719	33,034	1,640	126	10.195745468	0.128883752020426
1886.609418	26,574	317	32	2.071636717	0.127323192301759
2040.869266	27,346	329	33	2.259991726	0.00373679887305713
1843.794612	27,338	320	32	2.014714511	0.00600719116645832
1914.934217	27,329	364	36	2.232068616	0.00748661517424471
1958.822956	27,342	355	33	2.283112911	0.00735666071423577
1921.782586	27,330	332	30	2.120136127	0.0142587928914604
1930.937140	27,326	307	32	2.107880942	0.024003562529474
1890.742655	27,405	314	23	2.069858772	0.0176411585094508
2026.760768	27,376	352	32	2.326096275	0.0149600063478231
2411.892096	27,345	408	34	2.651298248	0.0211860008615232
2331.449236	27,421	402	38	2.575230470	0.0294964890233781
2540.213392	27,340	428	33	2.794208948	0.0301615304018735
2672.178355	27,353	474	41	2.933443331	0.0293132701927697
2954.793208	27,414	484	46	3.271944689	0.0302989723185372
2971.863738	27,392	536	48	3.290731788	0.031528291288766
3150.118123	27,412	538	43	3.468662438	0.0324543243754824
3379.831002	27,427	626	61	3.748163232	0.0345498779499449
3603.225674	27,416	610	51	3.955183239	0.0411800719868017
3853.286506	27,432	686	63	4.244145340	0.0500448500950102
3923.506208	27,405	675	62	4.313647520	0.0611110804779477
4134.131028	27,406	728	68	4.561846580	0.0687756002331118
4360.104379	27,493	747	69	4.804681311	0.0742426458044505
4098.127309	29,977	719	68	4.536176436	0.0837238492592113
4221.933926	28,686	707	56	4.678173470	0.0929559063092133
4324.594729	28,934	741	65	4.761302068	0.0967892852610863
4892.183224	28,711	812	71	5.362312193	0.0994837923834072
5261.744751	30,801	926	73	5.797810967	0.107286477217751
5341.136415	28,725	911	79	5.898488959	0.114449994744231
5233.866222	32,297	927	66	5.726112709	0.113219052046116
6002.205693	28,738	1,008	87	6.645234169	0.11205844709428
6073.129390	29,928	1,139	86	6.680528345	0.110961042919494
5785.208549	29,866	1,000	78	6.341275796	0.110465376656237
6185.055578	32,468	1,019	77	6.781401883	0.11046120899718
6726.179694	34,864	1,164	85	7.407266616	0.109885154568478
7105.278010	29,841	1,263	95	7.821556949	0.108647277260491
7296.534030	31,178	1,263	120	8.054607899	0.10749051041417
7455.506012	30,952	1,330	123	8.226875827	0.118542073703612
7942.154398	37,070	1,407	118	8.769935294	0.118894813164916
8018.700057	33,706	1,404	117	8.909550931	0.117360353624535
8429.382707	35,335	1,389	105	9.232103813	0.121920243933717
9145.321777	33,256	1,479	96	10.085770474	0.12056708455665
8915.387890	34,822	1,501	125	9.795727309	0.119111316580668
2044.366769	26,573	328	22	2.234436970	0.117641152304561
1872.749698	27,343	344	47	2.093208294	0.00299046238101614
1980.385840	27,346	325	28	2.174973087	0.00418315277638058
1995.504850	27,343	359	40	2.204688000	0.0142144549189297
2073.131444	27,360	349	30	2.291029712	0.0289521839636576
2035.937876	27,356	364	33	2.230716152	0.0236678802109999
2187.137707	27,347	381	33	2.419076032	0.0282492226909828
2182.812123	27,424	402	43	2.425989077	0.044173614406085
2273.451557	27,360	422	38	2.623639628	0.0509818852308284
2294.920663	27,366	369	34	2.498463598	0.052670785624159
2476.512773	27,439	436	34	2.714278491	0.0527612676147344
2570.091278	27,339	448	36	2.828348368	0.051320727326599
2537.220557	27,349	427	46	2.800199663	0.0611210979102564
2950.090418	27,364	498	37	3.241869323	0.0603444915255069
3035.273674	27,397	523	41	3.353436238	0.0585189995802359
3068.994846	27,419	535	43	3.367085854	0.0574905501100135
3283.770835	27,385	533	48	3.609442726	0.0582733559622639
3495.437416	27,363	592	58	3.853311268	0.0597929943030546
3560.853970	27,359	592	39	3.878090463	0.0600156510719247
4120.445445	27,376	686	57	4.536418558	0.0603586977649436
4086.749438	27,391	676	52	4.455518895	0.0604037840960325
4497.413940	27,490	773	58	4.989494639	0.0598991686397248
4059.584864	30,169	694	58	4.483175537	0.060600914534858
4510.627986	28,678	810	59	4.977232361	0.0725235375856274
4354.086942	28,916	766	52	4.765291302	0.0745576022607215
4901.504119	28,736	834	63	5.496159549	0.0744658943640982
5134.357222	29,739	870	75	5.647036060	0.0753686849776679
4868.418258	29,928	837	61	5.331550385	0.0771005642881748
4930.812911	29,772	824	63	5.402500014	0.0777380652054489
5872.621839	29,690	1,055	78	6.451449186	0.0787344265358393
5822.272416	30,983	1,037	79	6.422511556	0.0800921137136136
6164.959769	32,598	1,021	82	6.770454647	0.0817611336320573
6242.379943	31,767	1,124	101	6.901894252	0.0859688912682883
6776.960266	31,281	1,149	100	7.477911542	0.101020645373652
7009.903021	31,126	1,199	86	7.668571121	0.109411237074891
7243.706692	32,465	1,193	89	7.977397634	0.108898663216093
7491.695910	35,146	1,272	98	8.219305629	0.107202337835362
7773.210802	36,104	1,326	93	8.541065530	0.105781386559311
8149.346882	35,272	1,374	96	8.921205155	0.104607597886817
8431.234817	34,865	1,397	103	9.250608801	0.103574140659598
8099.824667	30,859	1,377	95	8.839677453	0.102691932521083
9224.706527	36,950	1,550	110	10.115182797	0.101871561309486
1830.513098	26,553	332	34	2.011843310	0.101135244731328
1808.009192	27,361	316	28	2.103399664	0.00656220438649609
1947.987435	27,356	342	33	2.148431738	0.00916971766816074
2062.254377	27,333	338	30	2.302455982	0.0133902931010277
1885.999712	27,348	336	34	2.074469878	0.0139446706996728
2095.794865	27,336	347	31	2.299460007	0.0240287557086623
2099.190970	27,333	353	34	2.311025912	0.032567820186485
2156.747072	27,393	396	34	2.382946050	0.0253707194892271
2313.793438	27,329	400	26	2.529387542	0.0239042189406468
2238.783207	27,315	364	33	2.504307279	0.0246622632518349
2257.769088	27,391	434	42	2.594934800	0.0229674799994778
2501.347473	27,341	435	39	2.739939952	0.0222456093762769
2375.682152	27,347	404	33	2.594320898	0.0238762808583191
2779.401964	27,421	466	34	3.027312108	0.0299637688184774
3061.274036	27,442	501	30	3.328157928	0.0384385096298546
2969.897442	27,425	543	45	3.242929902	0.0395509712934114
3229.303295	27,432	574	59	3.569950005	0.03816613641167
3414.950727	27,369	621	56	3.836850365	0.0376916549312019
3612.007934	27,383	598	52	3.928716225	0.0416567765105222
3852.801752	27,365	667	55	4.260677908	0.0570876389173959
3962.730017	27,369	699	53	4.330198987	0.0563279101821071
4290.079222	27,458	706	64	4.722233066	0.0561129735512532
3533.484428	31,272	592	40	3.875823536	0.0556351529623958
3946.632566	28,669	656	61	4.318853700	0.0563536789793011
4238.099516	28,949	709	68	4.650375578	0.0632142088492267
5226.354536	27,593	882	66	5.728207545	0.063111340499145
4789.078460	29,704	771	69	5.288574221	0.0631014688961996
4992.946838	30,844	850	68	5.586938615	0.0621241915769682
5155.384327	28,992	926	64	5.669314019	0.0613616207742923
5702.454167	28,728	1,017	73	6.347100745	0.0604574120031284
5614.667394	29,734	954	83	6.178192434	0.0594179345518253
5834.641492	32,325	993	87	6.397668027	0.0592160403719528
5891.985430	29,713	936	76	6.448932733	0.0596379495244918
6677.512672	36,496	1,119	85	7.314972509	0.0600140282870975
6669.239511	29,954	1,137	93	7.322235369	0.0599339329966215
6476.339089	29,778	1,074	94	7.066775712	0.0666779289458046
7044.264517	32,860	1,175	86	7.743454762	0.0757895572251405
7422.444482	33,619	1,230	99	8.153553624	0.0748420028173622
7826.585862	36,761	1,331	106	8.623358224	0.0745013653366284
8044.594116	32,909	1,371	108	8.826534965	0.0744975897053816
8357.553251	34,559	1,395	115	9.154211517	0.0841733569954653
8858.407364	34,655	1,515	145	9.795699093	0.0835893420587529
1710.941955	26,561	269	17	1.872349667	0.0887962811772495
1783.639149	27,344	294	31	1.969466465	0.00385281734143341
1783.270836	27,335	300	33	1.947110955	0.0230859456652454
1894.785641	27,331	328	33	2.080771795	0.0182650162158873
1882.860351	27,325	332	27	2.052004623	0.0208130717969068
1982.942002	27,329	340	28	2.167622394	0.0280321499186738
2037.541906	27,329	364	32	2.236249977	0.0237809885008878
2151.696852	27,403	381	35	2.393876515	0.0188454843913678
2127.722199	27,326	350	27	2.317296964	0.0168437366213106
2272.627613	27,343	398	35	2.507443104	0.0202874352790581
2322.054545	27,390	393	28	2.691013656	0.020918648452668
2338.905366	27,352	379	37	2.581770979	0.0253370485276207
2532.326080	27,336	471	40	2.785375990	0.0282723744862763
2786.544479	27,358	501	38	3.108568940	0.0264514763484926
2769.868054	27,408	474	36	3.013131906	0.0259350186509818
2999.748913	27,406	504	37	3.299571053	0.0276140191664084
3255.738078	27,384	537	44	3.590679369	0.0382901126414711
3476.662018	27,377	563	36	3.822127379	0.0517014791294695
3354.534310	27,383	592	46	3.766563124	0.0584183867688245
3265.918069	27,367	534	47	3.574837490	0.0612821829864687
3917.897228	27,357	669	55	4.341089497	0.0630130716423411
4190.578230	27,476	713	57	4.611531275	0.0590346097263336
3855.640212	28,682	723	68	4.374056550	0.0532523561641094
4200.396938	29,712	759	64	4.727428831	0.0591024196681392
4278.128478	29,965	742	59	4.689209692	0.0572295112726367
4932.461737	27,557	812	63	5.417714283	0.0556554554827468
4630.227759	30,962	797	57	5.092703082	0.0538950557920873
4690.257162	28,991	788	72	5.133184765	0.0525540194110287
5071.659477	30,727	917	76	5.582378331	0.0873315781228508
5681.115938	34,610	999	70	6.249206464	0.086977499277692
5634.044863	31,867	980	79	6.173153362	0.0856986473007864
5881.320270	29,887	997	77	6.450959062	0.0842784571339433
6257.523167	32,233	1,088	79	6.902255138	0.0831007364185997
6469.621336	33,949	1,084	88	7.093213285	0.0818748690470111
6110.104985	32,481	963	73	6.656809377	0.080951030685046
7062.401457	29,713	1,201	83	7.865588731	0.0892733360465834
7274.760112	31,676	1,261	88	7.959507928	0.0948394731279699
7377.219846	32,384	1,278	91	8.087315953	0.0934989327550898
7767.642466	40,779	1,341	108	8.546777341	0.0922627712650312
8119.162366	40,866	1,403	106	8.901215957	0.0908985529565619
8248.617114	38,566	1,455	112	9.030691385	0.0934990163139178
8919.090667	31,024	1,473	110	9.780472910	0.0922250184776316
1943.295677	26,551	336	25	2.234176247	0.0910247459219285
1835.963122	27,370	300	27	2.009069238	0.0149006886458792
1889.910629	27,359	296	24	2.168161337	0.0285068458277311
2055.714209	27,348	332	26	2.281802909	0.0491140277129732
2081.222313	27,349	334	24	2.274090210	0.0450255723582583
1963.135784	27,346	337	33	2.168926263	0.0385397115145689
2005.195368	27,336	352	34	2.221245079	0.0324609044724227
2181.656481	27,383	397	31	2.395464728	0.0322748242624553
2188.397763	27,324	397	35	2.431277959	0.0394177067015483
2278.476391	27,324	410	42	2.510586602	0.0771815534857522
2240.709258	27,356	391	27	2.553484021	0.0738306623320458
2449.507507	27,351	426	29	2.694897720	0.070506687779835
2623.419088	27,357	472	46	2.912268400	0.0669072673301397
2757.760069	27,371	476	40	3.054413599	0.0649608549979201
2748.101213	27,401	453	32	3.001769406	0.0656375241644875
2632.021459	27,379	417	27	2.848526847	0.0684885626107288
2887.572864	27,406	489	42	3.145786488	0.0685137912402773
3468.437950	27,384	572	41	3.802370721	0.0684017496850358
3628.963942	27,394	581	40	3.955811018	0.0698049446222515
3823.782808	27,358	623	53	4.340999390	0.0733498642669781
3978.134773	27,348	701	57	4.378789651	0.0821014487055288
4341.206436	27,437	749	53	4.777372825	0.0879194179743038
3880.187947	28,668	642	44	4.257148640	0.0869875219859852
4182.534288	29,665	773	58	4.613182723	0.0863422440720774
4199.417720	28,916	708	52	4.600244329	0.0854099342517439
5206.506545	27,568	896	82	5.767839034	0.0842108959304351
4770.009179	31,234	809	60	5.250026556	0.0832126922645583
4834.403945	28,932	775	64	5.312282132	0.0817697887129575
5117.728689	30,165	840	53	5.650850493	0.0803373458496173
5764.507073	30,753	958	62	6.319934620	0.0789008374134779
5817.136578	29,677	991	68	6.475568416	0.0781932253450746
5810.764577	31,212	1,020	80	6.375763582	0.0779798530548842
6222.280450	29,690	1,030	78	6.828583777	0.0780330865170122
6083.129772	31,601	1,032	80	6.665703211	0.0776577863498825
6401.910097	33,094	1,078	77	7.001294010	0.0875199432420535
6974.099469	31,696	1,214	98	7.790916475	0.0864215758452696
7253.835615	31,556	1,188	90	7.966042632	0.0853882013384992
7520.732615	31,806	1,326	90	8.299571301	0.0844866737151179
7778.844245	33,187	1,334	101	8.544131612	0.0933802857460471
8006.311674	39,035	1,419	119	8.819895426	0.0934995011249264
8532.887166	41,584	1,491	102	9.358707244	0.092445192438742
9025.184915	35,436	1,539	115	9.904754039	0.0915408449026188
1842.994693	26,561	304	30	2.033980837	0.0908856584207896
1952.250020	27,334	333	19	2.133107141	0.0165248141086943
1796.617115	27,331	307	32	1.951485003	0.0113188310603877
1924.568901	27,324	337	23	2.111812549	0.0175267433642884
1994.425486	27,331	342	26	2.187330950	0.0482331819128523
1889.520453	27,331	326	25	2.178436272	0.0500978124846587
1905.099211	27,319	313	26	2.067866746	0.101668660322045
1831.246612	27,387	282	23	1.989910034	0.0944063024458375
1969.160345	27,327	317	29	2.159901987	0.0894476929375965
2186.729755	27,335	391	25	2.388758337	0.0840890291782363
2347.329831	27,398	429	38	2.598035448	0.082827972079202
2389.337987	27,338	392	37	2.669331733	0.079978172585487
2583.430893	27,356	450	40	2.850189105	0.0783880860257524
2862.163557	27,350	486	30	3.133407143	0.0784273150424956
2776.406530	27,393	495	46	3.048966787	0.0851085512084598
3016.823770	27,405	541	52	3.344145796	0.0994663280242771
3202.183875	27,389	559	43	3.498895228	0.110763772367922
3480.992941	27,384	599	48	3.829094530	0.108820863688105
3919.277684	27,388	664	48	4.338183301	0.108384251572785
3769.727767	27,383	625	46	4.137613475	0.111826704876428
4057.377040	27,378	664	50	4.453474236	0.115100088754146
4122.143858	27,498	710	60	4.530800169	0.109140767471885
3791.084623	29,657	683	54	4.259592708	0.103844434365057
4036.561483	28,685	692	49	4.393873379	0.110947128869663
4316.969502	28,951	737	50	4.736194597	0.108891154237588
4507.362443	28,705	779	66	4.958300733	0.106535115307789
4783.589650	29,721	840	67	5.286333038	0.10360232980607
4225.839431	29,790	686	51	4.708148664	0.101011776947409
4712.950031	28,987	785	74	5.142381431	0.0992222029176555
5708.471435	31,176	994	54	6.238980584	0.0974285330003261
5856.204549	28,716	959	74	6.421372297	0.09584929098798
6065.779611	29,800	1,001	57	6.640485519	0.0942888090592389
6294.936107	30,724	1,070	68	6.920690196	0.102600593284282
6608.783762	30,282	1,108	85	7.296234047	0.117862761885691
6650.911530	32,916	1,083	66	7.271666982	0.116012206596831
6938.780478	33,157	1,194	86	7.595065338	0.122478897714304
7122.560978	37,758	1,211	91	7.793213050	0.125827641258803
7352.593363	35,066	1,248	94	8.044403908	0.125966460491031
7863.234942	30,335	1,291	87	8.627588663	0.123972799459442
8080.798396	36,968	1,363	94	8.885610373	0.122304583676265
8287.940181	31,284	1,446	113	9.073123129	0.120713829264379
8636.953973	33,210	1,374	98	9.465003060	0.119224796016839
1681.576894	26,574	272	24	1.828242041	0.117806084372797
1698.224048	27,367	257	22	1.846019328	0.00430767970275681
1842.856927	27,359	308	26	2.017858700	0.020090324847102
1942.799242	27,313	352	33	2.158766016	0.0141343354434014
1982.002319	27,325	323	28	2.179745247	0.0182832413595054
2097.119629	27,325	369	26	2.298158585	0.0288231481578312
1988.922610	27,323	346	32	2.177251464	0.027612741626312
2145.269651	27,389	365	35	2.406324521	0.0314156083890261
2217.683159	27,322	369	31	2.437067983	0.0283704156071464
2333.799216	27,333	385	30	2.560918986	0.0255376356816521
2276.592439	27,387	384	39	2.500026199	0.0266135991421952
2428.258865	27,336	376	22	2.647010862	0.0390386666480774
2533.879191	27,359	430	32	2.747430132	0.0606922246440766
2689.208368	27,377	459	26	3.052188978	0.0780701859082413
2844.753027	27,427	480	42	3.112350318	0.08889468456025
3020.951847	27,434	501	45	3.321248340	0.0909190091384166
3310.765357	27,418	527	38	3.634037237	0.089890220494827
3415.899457	27,402	594	44	3.752877966	0.089528950613112
3729.558077	27,394	617	43	4.080409799	0.0915024356857298
3816.165346	27,379	622	49	4.160662968	0.0966131675100444
4001.174826	27,376	700	53	4.382323504	0.10055772515357
4266.903687	27,481	725	56	4.713651275	0.100663353466161
4456.056416	27,571	743	53	4.899205230	0.100174476346988
4192.136252	28,690	706	51	4.600694819	0.103747503422716
4215.971063	31,071	737	56	4.636455470	0.103889707971701
4184.269635	31,661	683	54	4.570430667	0.104686034657424
4450.367695	31,611	740	53	4.852346637	0.105039598324627
4782.878019	29,010	780	58	5.249137768	0.104627431901028
4996.055353	29,022	824	62	5.463777436	0.103098892837681
5643.666992	29,924	1,004	83	6.222915165	0.101538506624677
5632.000270	29,063	917	76	6.203857033	0.11637550013594
6034.349450	31,228	1,015	80	6.596002785	0.114479392967335
6391.698733	31,896	1,082	75	7.021455561	0.112730636308771
6571.649832	30,995	1,078	73	7.215258031	0.111097860104772
6320.885102	31,311	1,040	84	7.005433453	0.109850576870693
7064.725164	29,783	1,260	91	7.769342463	0.108991610224566
7278.808814	34,453	1,223	90	7.999744070	0.115279698850162
7604.441982	31,345	1,218	82	8.375147227	0.113758283570188
7793.312564	29,874	1,318	85	8.554814942	0.112533847427164
8098.883361	33,420	1,359	90	8.881107834	0.111875557989319
7891.338326	30,039	1,293	91	8.614496375	0.111115987970452
8918.686779	33,481	1,413	104	9.770525175	0.110295289062831
1878.893743	26,562	323	31	2.075127473	0.110178636711008
1841.337670	27,346	297	24	2.007984206	0.00304032853892824
1849.594952	27,342	298	18	2.122670725	0.0246644377416099
1915.041150	27,352	338	26	2.096283084	0.0123796012973612
2010.020423	27,357	361	25	2.328525303	0.0164120105840928
1919.916209	27,356	343	36	2.114471417	0.0295001399618735
2068.544340	27,351	318	27	2.257168456	0.0318573865858578
1925.256150	27,370	344	26	2.202076104	0.0280983743869256
2170.180602	27,309	388	31	2.396410755	0.0265115131126556
2106.407769	27,327	334	26	2.291701448	0.0261496225562697
2429.871522	27,326	402	36	2.663812778	0.0323827705904683
2591.123801	27,339	409	26	2.831368751	0.0435103593039513
2674.003891	27,345	443	34	2.936665691	0.0513660647912206
2819.827651	27,361	471	31	3.197848107	0.0553554534094977
2810.344485	27,377	478	34	3.214569336	0.0598740848410562
2940.210395	27,423	518	46	3.225584448	0.0601702743144214
3270.702159	27,403	521	45	3.577172592	0.055255640955303
3511.675665	27,393	602	44	3.858126956	0.0698256477573416
3587.358032	27,386	613	36	3.924984763	0.0688551326656051
3890.073938	27,372	661	43	4.252866957	0.0669642286269199
3784.253735	27,378	730	63	4.291306067	0.0670907820738701
4258.115045	27,474	700	51	4.776527914	0.0697174649916991
4396.361369	27,547	721	66	4.815906441	0.0710658313153072
4175.653536	33,485	723	49	4.586686042	0.0886072480401589
4018.092835	31,045	640	49	4.373498012	0.0876766912923008
4856.601862	27,641	790	65	5.310675396	0.0866240609101212
4628.875259	30,077	733	60	5.095406573	0.0855671223014692
4803.294388	32,699	831	66	5.290931676	0.0847114634840361
5028.047146	29,079	846	56	5.529880365	0.0965277493275805
5720.875460	31,405	1,005	79	6.297061768	0.0948578615688715
5620.244909	29,787	967	56	6.161433096	0.093427187277938
5943.585882	29,836	991	61	6.509535002	0.0921403628201374
6197.937515	35,452	1,051	75	6.768423189	0.0906678562453501
6472.740387	30,898	1,067	76	7.096010621	0.0894782713853953
6858.354468	29,765	1,117	84	7.533714812	0.10408505436159
7074.868029	32,540	1,161	77	7.772884044	0.102899664436121
7235.768820	30,895	1,251	85	7.950342170	0.101556398850972
7495.085519	34,325	1,174	69	8.179685988	0.100253561709367
7365.552149	30,028	1,196	84	8.012778946	0.0990560100652842
8192.125656	30,986	1,408	96	8.974168259	0.0973716734097001
8383.204498	35,017	1,344	85	9.169429888	0.0958649633868043
8977.578462	34,080	1,546	111	9.838849641	0.0945689449723665
1914.144538	26,601	327	23	2.087181344	0.0933837157405433
1824.287159	27,365	315	24	2.033237569	0.00339851944470769
1832.434757	27,339	311	29	2.007834014	0.00335766141045894
1947.873873	27,346	363	23	2.130392411	0.00326903562279035
1945.519676	27,348	309	32	2.128043478	0.00347639249333553
2024.607572	27,351	315	22	2.213651676	0.00363623464145806
1891.125665	27,345	310	23	2.062247670	0.00409713749817182
2001.264562	27,418	313	21	2.177048558	0.00713253753710559
2138.170480	27,367	381	30	2.353885754	0.0117378454668126
2356.814721	27,346	397	23	2.571884374	0.0162620554527291
2250.795482	27,350	378	28	2.456262511	0.0171172608557119
2429.795881	27,361	416	35	2.677027053	0.0177721704687472
2538.465709	27,359	433	38	2.816970203	0.0133774806412141
2773.988990	27,396	460	41	3.069107830	0.0149009747020153
2823.087266	27,408	485	35	3.107143074	0.0216622926954411
2852.531056	27,445	424	36	3.101507563	0.0288714714173914
2968.432814	27,407	485	36	3.348481197	0.0294491711109059
3159.924775	27,386	520	40	3.556933922	0.0296039517145216
3602.633035	27,399	609	41	4.064745838	0.0307911761033449
3681.097942	27,368	644	60	4.048176712	0.0348207593317003
3976.343314	27,374	709	52	4.374018320	0.0464905865703811
4362.646914	27,490	717	50	4.805081766	0.0778425252562663
4598.956639	27,559	796	45	5.041359762	0.0765594808173185
3947.571397	29,696	704	64	4.464910160	0.0754348428095675
4207.977937	30,999	665	49	4.595846267	0.0751318209873729
4537.327765	28,777	786	59	4.986021624	0.0746693758954869
4735.708365	28,946	793	49	5.189260701	0.0741248817339874
4604.405470	30,784	794	65	5.151721200	0.0737421548534329
5064.011330	30,265	869	73	5.573024964	0.0738045929152338
5173.011225	30,274	807	53	5.650877842	0.0743676600019897
5587.876294	31,189	905	67	6.117120938	0.0752283445429617
6086.426480	31,121	1,027	82	6.697994295	0.0754170999126843
6310.494066	28,737	1,034	67	6.901170640	0.0757959997040972
6513.282729	31,619	1,084	71	7.128075333	0.0767849991052057
6896.175410	31,301	1,122	66	7.561126369	0.0777003532286506
6982.281683	30,778	1,116	71	7.641269946	0.0838704960458037
6889.849057	29,938	1,084	77	7.574385119	0.084115813032435
7531.665020	39,320	1,314	95	8.261385292	0.0838816241104269
7888.732541	35,386	1,336	83	8.669789494	0.0882178121951719
7948.403780	31,352	1,347	106	8.708504579	0.0963704274054652
8515.210815	34,752	1,480	95	9.340364704	0.0956759192498436
8956.176508	40,214	1,511	95	9.840908540	0.0946238973348819
1861.698666	26,555	310	30	2.051114930	0.0934485930187242
1839.839119	27,352	295	24	2.015444498	0.00354683521656572
1892.429481	27,350	314	21	2.054691952	0.00428555447061448
1909.424446	27,343	338	33	2.115410282	0.00597003049715503
2048.928065	27,352	345	33	2.263491376	0.00724717926712378
1960.026896	27,344	326	32	2.152974589	0.0067179754045977
2060.445447	27,343	347	38	2.269713862	0.00995166093836357
2178.076146	27,417	347	26	2.387268477	0.0549248780939776
2089.624219	27,360	388	45	2.311012620	0.0535016087408825
2288.291118	27,338	376	33	2.508240047	0.0516497410114652
2334.517798	27,412	429	39	2.570026045	0.0468702866948086
2370.828373	27,347	412	41	2.598352454	0.0433667020721849
2189.991794	27,354	347	30	2.395384186	0.0429722157511057
2428.971608	27,360	397	33	2.658674423	0.0420123924644116
2949.422915	27,400	482	41	3.228251229	0.0421293531884254
2875.535385	27,426	463	41	3.155002681	0.0435353639749242
3198.975584	27,400	551	38	3.497476569	0.0461103432224621
3429.754159	27,385	573	46	3.774399744	0.0505223444315681
3582.394938	27,383	638	55	3.940942219	0.0574324160049235
3762.817455	27,391	631	60	4.147755398	0.073345253710016
3930.002506	27,378	654	42	4.286426640	0.0783694632954853
4246.833290	27,494	727	65	4.691846088	0.0817217587096623
4372.031327	27,567	721	50	4.810887844	0.0860355497226125
4013.284948	28,681	671	58	4.435531123	0.0865174857706241
4213.542189	29,739	717	54	4.619797082	0.0877690518326617
4542.852619	32,536	748	51	4.950884755	0.0908710293913667
4640.294830	30,019	753	52	5.079779515	0.0983025767491692
4765.393392	30,337	814	63	5.244100031	0.0963155934080079
5049.548092	29,802	947	75	5.574061551	0.095767665535691
5286.092439	28,975	883	74	5.812033059	0.0944656491730828
5602.653233	30,855	920	71	6.166426306	0.0933864963662047
6021.530037	34,526	980	80	6.614304877	0.0928879617737633
6095.278213	30,720	1,004	75	6.670019573	0.0931598861348906
6365.294195	30,051	1,025	78	6.999588703	0.0923777913877381
6206.659013	31,266	1,036	71	6.769115591	0.0913057046470199
6913.598973	36,640	1,149	85	7.737387578	0.0902808767338685
7308.766748	29,833	1,245	82	8.005900507	0.089208759133246
7504.301253	33,977	1,254	82	8.209059556	0.0884696463931878
7814.685941	33,657	1,304	97	8.565590661	0.0874277110168518
8114.850743	35,938	1,396	109	8.924720910	0.0860865967902357
8409.447368	34,199	1,402	102	9.208465996	0.0855305784018905
8621.666377	39,497	1,459	87	9.540841288	0.084653268485671
1802.619572	26,577	325	23	1.970336868	0.083797670084553
1871.824012	27,356	316	21	2.046836011	0.00234954899281977
1900.409062	27,356	311	23	2.063950742	0.0274819573334886
1963.685531	27,342	325	25	2.150552295	0.0179138231367447
1896.034124	27,337	338	40	2.100430031	0.0180328417169874
1878.809392	27,344	339	26	2.186420409	0.0209016472280439
2029.180611	27,339	338	27	2.225239498	0.0252137095424032
2134.174160	27,420	390	39	2.372199797	0.0282583207275904
2130.533546	27,361	366	27	2.343423708	0.0242004736923641
2237.591045	27,352	358	33	2.471411169	0.0235434203574188
2353.507260	27,410	399	30	2.576452697	0.0265275697236679
2185.135348	27,335	377	28	2.373803282	0.0278546020967979
2179.759109	27,358	341	37	2.373995021	0.0279332067548549
2406.698730	27,380	401	33	2.630463097	0.0306868881998104
2857.274628	27,422	487	45	3.165655225	0.0335394966332237
3042.896441	27,445	542	37	3.350905358	0.035672202295398
3208.156698	27,429	509	45	3.518983368	0.0632600907984519
3540.199856	27,392	611	42	3.911027902	0.0645037328478245
3613.346191	27,404	596	38	3.929286983	0.0687171367283658
4033.953844	27,410	663	46	4.423168866	0.0749902539951262
4039.634700	27,400	672	46	4.452077765	0.0809582923399503
4185.574271	27,523	683	49	4.590275890	0.0793010396759735
4411.307090	27,595	730	49	4.819927608	0.0881137042662377
3962.562536	28,689	681	58	4.357271911	0.087444181917726
4024.960715	31,780	714	59	4.489538422	0.0919393795404176
4575.647196	29,911	811	54	5.127119839	0.090235739823309
4802.898722	28,704	822	51	5.382944895	0.088986572280582
4850.379714	29,913	810	56	5.314293183	0.0869049756442418
4992.292784	29,920	788	52	5.444048613	0.086843116960741
5417.822413	31,299	932	63	6.034962741	0.0864199657118219
5532.430944	31,001	923	70	6.177344460	0.086346834679904
5243.592346	30,240	880	72	5.713080492	0.087486819525143
6160.729942	30,975	1,026	66	6.753044320	0.0882230642701147
6366.432231	30,907	1,073	81	7.019761961	0.087109368270737
7045.985531	30,984	1,143	75	7.745376123	0.0851463232660514
7373.061472	32,007	1,203	75	8.064925126	0.0838159669105634
7129.165492	35,686	1,184	89	7.810251331	0.0832339889668576
7482.742698	35,944	1,221	87	8.194657656	0.0828915969245705
7462.399763	35,734	1,261	96	8.280745062	0.0823800130089716
8112.853725	37,807	1,410	102	8.888566638	0.0816023760545292
8050.505162	39,634	1,418	102	8.879736170	0.0808229900098421
8385.492336	41,957	1,415	105	9.133059487	0.0806574835842377
1843.564610	26,597	327	29	2.058866973	0.0834306492473131
1889.077712	27,388	301	24	2.094291198	0.00427591213862147
1864.149523	27,382	312	31	2.041977908	0.0207760830677376
1875.867744	27,360	304	26	2.054452482	0.0126728663755213
1908.944739	27,367	313	18	2.187311066	0.0163898783449692
1896.244673	27,350	325	31	2.177714009	0.021117745789291
2137.478683	27,336	363	26	2.350623175	0.026441650750348
2019.310915	27,410	333	25	2.221980603	0.0285764361136099
2241.354976	27,342	401	31	2.486726810	0.0260194131314375
2257.155709	27,344	401	33	2.465780574	0.0228839362664203
2286.741610	27,403	372	35	2.523256523	0.0194924627126303
2415.404701	27,349	416	36	2.666473021	0.0243891921845799
2430.518000	27,363	438	43	2.778177127	0.0321284937353496
2760.542244	27,393	457	36	3.041380199	0.0332318867806106
2881.274191	27,396	496	42	3.191100192	0.0320862717382024
2933.037137	27,430	524	48	3.218649509	0.0319793041502506
3171.213421	27,414	563	41	3.501774998	0.0321389733881739
3357.681341	27,359	568	47	3.801385152	0.0326495422188919
3502.464955	27,366	582	46	3.809237695	0.0369140602775219
3622.976871	27,404	611	52	4.117454708	0.0414985425992059
3875.005705	27,410	655	61	4.259980319	0.0484103693729362
4219.384652	27,492	706	61	4.653149507	0.0508069688558506
4301.441231	27,560	707	58	4.699597773	0.0533894685042551
4166.897779	28,685	708	48	4.642373987	0.0610854756346575
4110.592637	31,726	724	57	4.646378279	0.061582953124523
4732.673367	28,711	761	44	5.197481543	0.0610160132667041
4743.667676	29,925	750	61	5.224624814	0.0610274057077961
4770.960426	29,006	832	62	5.249220469	0.0612826059878407
4460.893929	29,065	703	48	4.835011524	0.060649950154919
5211.388828	33,599	810	62	5.685074826	0.0594580805505825
5544.344246	29,088	886	65	6.050457905	0.0580105218886588
5933.129345	32,081	973	69	6.619461058	0.0564401853249859
6063.458372	34,956	1,009	71	6.780796021	0.0553170085788617
6253.656260	31,825	995	65	6.821471038	0.0829787625028752
6840.157267	31,344	1,111	89	7.607755911	0.0868764504692704
7005.568358	35,568	1,187	94	7.678575423	0.0904927032524174
7162.674595	33,696	1,205	87	7.980019856	0.0941911614642378
7498.129524	35,132	1,282	83	8.231363074	0.0930779315165405
8165.981755	30,570	1,297	65	8.971219936	0.0920661176272742
7736.514068	38,403	1,248	86	8.477261610	0.0911366671198896
7933.542245	34,456	1,293	89	8.668898314	0.0900064566299163
8734.684507	39,828	1,410	103	9.555620290	0.0888350606897939
1852.234880	26,582	309	21	2.050235505	0.0876963536241972
1842.668409	27,346	313	24	2.011739064	0.00979086059737217
1940.774738	27,346	322	20	2.116588321	0.0153327306072247
1828.182495	27,321	292	27	1.997337990	0.0202617984951703
1942.592167	27,331	298	22	2.110894896	0.0239358968856239
1974.643964	27,330	356	36	2.183445648	0.0657911866089235
2094.072416	27,335	336	27	2.304205543	0.0907152677522424
2030.881459	27,401	376	31	2.216296750	0.0942823267986077
2151.044329	27,404	354	26	2.368961713	0.0972620028647847
2215.435046	27,345	383	35	2.454859242	0.152562269118855
2326.528578	27,410	401	35	2.576106398	0.145205548566265
2414.459687	27,346	404	30	2.634014472	0.13979257197732
2523.055650	27,344	382	26	2.747771604	0.131631044315994
2584.578430	27,364	426	30	2.937078516	0.125263958710359
2836.454721	27,412	470	34	3.077087395	0.121686140567942
2729.199055	27,446	430	31	2.954552717	0.118568499750493
3187.277931	27,421	554	46	3.510450395	0.11592412233137
3455.966278	27,372	600	43	3.782653522	0.113347741679386
3615.410226	27,377	630	54	3.984541417	0.115864382866536
3827.228772	27,399	664	54	4.207778323	0.112901247274255
3992.120705	27,392	679	49	4.383324620	0.110370765841317
4238.805464	27,499	681	49	4.644224329	0.11404338929543
4260.502640	27,547	729	61	4.793323258	0.112941800958859
4224.769721	28,697	695	57	4.679358206	0.117633204757842
4203.577130	30,836	713	47	4.597953219	0.115427399622539
4625.043980	30,702	790	51	5.074410958	0.117498906127517
4443.818495	29,770	709	58	4.872145552	0.119082162643459
4432.957003	28,961	723	44	4.827105182	0.117009575377555
5084.850567	28,956	795	54	5.552813122	0.115118071781377
5392.798595	28,973	902	61	5.894479337	0.113458443064771
5621.836001	29,679	949	74	6.169641845	0.111940822164993
5921.115306	32,323	967	63	6.455351177	0.11562538346234
6093.105856	29,214	1,012	62	6.654648618	0.113758707134235
6398.950574	30,165	1,040	71	7.004458744	0.111791380013815
7062.586799	33,861	1,213	89	7.776466506	0.109985444665506
7298.191627	33,695	1,231	96	8.019438756	0.108304409379765
7219.816950	35,120	1,223	88	7.954338093	0.106727608953056
7515.872602	31,341	1,255	89	8.244937521	0.105225148328579
7784.819825	37,167	1,294	87	8.558683679	0.103766633097285
7619.075772	31,227	1,225	91	8.331019498	0.102443410320399
8106.222691	37,287	1,304	87	8.865229574	0.101131105025216
8873.657977	34,105	1,484	94	9.731238228	0.0999763450636811
1857.002672	26,570	304	30	2.043825983	0.0995191109184087
1881.241164	27,363	303	22	2.082723852	0.00289668687619081
1887.623213	27,351	306	26	2.066057371	0.00360940927867486
1861.984873	27,316	326	22	2.038789185	0.0182269456256078
1970.606986	27,322	355	29	2.165722259	0.0211143999844352
2039.722332	27,349	336	30	2.264182873	0.0164862987051404
2021.203166	27,349	335	34	2.211177349	0.0255944636252081
2083.613709	27,418	330	27	2.282044728	0.033933509372247
2212.109192	27,344	365	26	2.409155939	0.029371178573
2250.152180	27,368	367	34	2.476800159	0.0259533524077826
2152.446469	27,439	381	29	2.453167028	0.0265226026347495
2351.523202	27,386	396	25	2.553843790	0.119046146594713
2511.883054	27,372	421	29	2.738493538	0.111310848837412
2829.450320	27,401	457	31	3.115102683	0.105961643414616
2881.893740	27,402	471	42	3.197659370	0.103197239753583
3004.168256	27,425	525	35	3.306073916	0.0996492717491179
3187.226041	27,405	528	36	3.490213644	0.0968074224593226
3398.335964	27,386	547	44	3.732544775	0.0942922025615978
3670.858628	27,395	622	47	4.048043969	0.0919748931150898
3825.822202	27,388	632	47	4.179665918	0.0904093451526003
4025.319109	27,391	640	36	4.391420981	0.0896735657015098
4023.233917	27,497	665	53	4.398514550	0.0878137918917493
3838.311342	27,552	599	56	4.227780563	0.0861213175261083
4121.532256	28,712	685	51	4.511896909	0.0942733899629283
4227.716579	28,959	661	41	4.637542590	0.0972407690617084
4792.452430	28,707	806	38	5.220298615	0.09549883327326
5041.233105	28,738	817	48	5.546866618	0.09420287660381
4757.158248	28,988	789	55	5.233119288	0.093967227788473
5055.807527	29,001	888	56	5.555005506	0.0930875233006193
5462.247461	28,973	920	64	5.971840569	0.0913381994533153
5572.921994	29,993	943	73	6.126215980	0.0896960142143357
5812.481642	30,152	919	60	6.335316541	0.0882490626781409
5978.464376	31,853	1,032	77	6.539458256	0.0870151882855388
6444.976589	31,472	1,062	62	7.062122810	0.0858019900046048
6832.909980	29,956	1,161	88	7.485190489	0.0850926796140585
6375.284965	30,869	1,046	83	6.960536679	0.0847129254178804
7167.364931	31,563	1,187	78	7.866808078	0.0840354453698621
7400.370472	40,575	1,239	91	8.100689432	0.0831771191758343
7790.720825	39,418	1,280	79	8.535946156	0.082299538620949
8076.686998	30,073	1,348	80	8.816281137	0.0816172803574147
8227.117321	35,881	1,365	79	9.090925607	0.0809049431792944
8664.424079	36,712	1,424	96	9.477904101	0.0803381603052269
1621.202580	26,567	278	24	1.867346405	0.0806430712429366
1642.167970	27,393	279	22	1.892339645	0.0265583806319456
1822.784827	27,375	291	26	1.990906203	0.0115325060929155
1847.831317	27,362	302	22	2.026456304	0.0117395136984637
1921.122540	27,363	322	32	2.126223657	0.0220171240583918
1917.802236	27,363	315	24	2.092372175	0.0408585480404996
2044.948769	27,352	345	28	2.248121746	0.0367095740619025
2056.215022	27,403	340	34	2.254967808	0.0344582059110724
2224.277506	27,344	395	30	2.454175074	0.0346525029082579
2169.065060	27,341	352	28	2.369173444	0.0402155638235343
2370.194738	27,401	388	32	2.600262829	0.0541346995265503
2430.093532	27,352	410	36	2.678331841	0.0697352037599315
2473.427753	27,363	407	32	2.714707968	0.0755216241991996
2720.821274	27,396	469	41	2.979087587	0.0817509371594066
2835.836542	27,425	468	40	3.128915300	0.0846078478536718
2919.661812	27,451	495	45	3.200395659	0.0817313757011821
3169.440970	27,431	526	42	3.502541151	0.0807767725880043
3448.202393	27,390	611	44	3.790433088	0.0839031579482145
3065.197095	27,393	484	34	3.352708113	0.080902055217203
3341.199828	27,394	548	42	3.631797106	0.0769022022984064
3908.976783	27,452	654	51	4.286029558	0.0726765573635296
4242.109379	27,539	700	54	4.673033942	0.0719916964425004
4419.175136	27,567	721	46	4.842827840	0.0724533483959648
4186.686799	28,736	680	44	4.594011297	0.0822480372598748
4141.337246	31,910	714	57	4.534187768	0.107401478668603
4334.448556	28,722	711	58	4.761572946	0.109613506776591
4850.694814	30,424	835	62	5.334530339	0.107854408796178
4786.464724	28,991	785	58	5.281635498	0.110928975819036
5012.772980	30,321	836	61	5.497068540	0.116975105167013
5558.430641	30,340	904	51	6.062770093	0.115299919592259
5561.125950	31,594	894	57	6.074498637	0.113832608934568
5959.953549	33,825	1,002	73	6.536315722	0.112386523827469
5976.043440	30,723	1,025	67	6.581388414	0.111006968945703
6206.410619	30,137	1,051	73	6.845128549	0.109739662672432
6022.965737	31,377	999	74	6.583414234	0.10836942896564
7154.415225	31,071	1,189	79	7.874820861	0.106959237561359
7210.006134	33,142	1,226	69	7.900455206	0.105616535331042
7482.054523	36,374	1,211	73	8.191768777	0.104866947262026
7733.439515	36,285	1,259	83	8.455231997	0.104608177299663
8006.344573	37,227	1,354	93	8.784110301	0.103928523080045
8067.452989	33,756	1,358	107	8.874633830	0.102954056395434
8895.303702	38,915	1,444	86	9.725192125	0.106029956638655
1978.860058	26,577	333	22	2.185743283	0.104523525032834
1836.986967	27,405	305	27	2.032997228	0.0801307541118093
1927.161558	27,385	288	21	2.118683108	0.0611163309950115
1933.074573	27,321	341	35	2.123721221	0.052320139215602
2021.959643	27,334	315	20	2.186835986	0.0691441602902341
1912.700151	27,348	320	27	2.085956861	0.0637987820823899
1953.880896	27,342	330	29	2.268279389	0.0599540567262912
2090.402330	27,417	336	25	2.273155339	0.0503244846669015
2254.715131	27,368	369	30	2.474253060	0.0510591466256535
2137.912946	27,359	344	31	2.338648111	0.0598941193417902
2350.811921	27,417	401	28	2.576383727	0.0852252167322426
2447.501185	27,377	404	27	2.657542593	0.0978949912325239
2640.188810	27,391	439	24	2.887230420	0.0961245847477759
2550.409014	27,385	427	32	2.871792975	0.0929509570868788
2834.322284	27,417	458	35	3.096595318	0.0907717008513828
2859.501239	27,394	471	38	3.109401535	0.0909514628495253
2569.926072	27,427	428	33	2.918282843	0.0933364675755573
3170.423986	27,398	520	34	3.555651155	0.0915003053430435
3593.919066	27,403	653	55	4.059910647	0.0885538170681193
3788.239373	27,402	667	55	4.150067825	0.0860505395965371
4008.289198	27,410	613	45	4.408842826	0.0840366408540619
4210.349417	27,534	708	57	4.622741676	0.0847632926861464
4401.889626	27,598	718	44	4.829998190	0.103574369049982
4096.883862	31,085	666	52	4.472807101	0.115862481390431
4118.235580	29,676	694	54	4.536296654	0.131034418780767
4553.587092	28,709	743	46	5.005693100	0.129097779631764
5009.831088	29,809	840	64	5.508426057	0.126867119903099
4640.643977	30,020	832	67	5.217862379	0.123951467442192
5049.000009	31,788	814	63	5.545183681	0.121226781237075
5481.990081	29,836	881	55	5.965103873	0.119374292186787
5633.198329	29,784	921	76	6.225672310	0.117596743581007
5966.126914	30,160	980	68	6.546994358	0.115467992979659
6177.329043	30,743	1,019	80	6.809510771	0.113750155328678
6131.958271	32,837	1,008	79	6.703375492	0.112787878097791
6155.329289	32,723	991	58	6.687883136	0.112865999150258
7172.340760	34,445	1,179	81	7.915153679	0.113881477238927
7164.593346	36,598	1,211	85	7.870898852	0.113508607666633
7549.752520	35,657	1,238	88	8.288017228	0.112766734012949
7545.535121	29,817	1,243	89	8.360276329	0.113662059058342
7801.950856	33,506	1,317	101	8.654003446	0.116249472373903
8291.488738	32,729	1,426	104	9.126051244	0.122396251699584
8870.624564	41,866	1,495	97	9.731475146	0.122153714170721
1933.312369	26,575	308	19	2.110230339	0.122266094448419
1778.511612	27,349	319	22	1.962557296	0.00845827551352825
1781.590978	27,344	308	23	2.050372459	0.0190663234070948
1899.601127	27,345	315	26	2.088253313	0.017082856158925
2064.171542	27,353	321	25	2.265705649	0.0319938684947676
1922.222944	27,331	343	27	2.213977638	0.0371238497416388
2061.464972	27,335	342	30	2.259581154	0.0316457051113818
2096.603105	27,432	351	24	2.291767852	0.0275400864653765
1932.690408	27,379	330	34	2.113678819	0.02668387889177
2008.936007	27,366	354	31	2.199252514	0.0291607701000847
1966.607151	27,420	313	25	2.166942992	0.0365332793324472
2410.668462	27,379	412	41	2.659617970	0.0480736722622326
2620.212683	27,382	426	29	2.867896096	0.0477001134964482
2652.915096	27,376	433	26	2.907213234	0.0472669088864161
2913.968976	27,438	478	40	3.219169484	0.0466958068577138
3095.068351	27,382	503	33	3.395282197	0.0481421164287882
3048.586226	27,399	502	45	3.444656575	0.0543318964944762
3461.522927	27,385	579	41	3.804078801	0.0628462811768852
3609.153124	27,397	589	55	3.971930773	0.0669619777352842
3864.857245	27,386	628	48	4.235050963	0.0692526452271349
4075.807977	27,431	676	53	4.497141823	0.0831500012176315
4084.219040	27,482	718	59	4.514550760	0.105212211519683
3965.152519	29,716	646	44	4.346424960	0.112057315302895
3998.998257	29,741	679	49	4.362207101	0.126488518763116
4123.806224	30,545	710	60	4.531741696	0.122915477312668
4595.615672	28,725	780	58	5.033433050	0.120198355193806
4877.896927	30,135	793	52	5.347996079	0.117507619293471
4650.534943	28,974	777	61	5.127274149	0.115043513156873
4606.899007	29,745	717	50	4.996383053	0.112783224061064
4995.806913	28,914	810	60	5.455652334	0.111654431657539
5730.842120	31,752	994	69	6.409855823	0.111206460484898
6170.830749	30,920	1,003	61	6.795399793	0.109993710403027
6211.357227	30,070	1,042	67	6.910279034	0.109038051839701
6266.413390	33,001	1,019	76	6.843524861	0.110186385579961
6829.823700	29,807	1,140	79	7.506808277	0.112656937243608
7086.964272	29,801	1,164	89	7.793773813	0.115174647422847
7227.871370	34,618	1,177	76	7.915571213	0.114300332043061
7201.410045	30,876	1,113	75	7.834080503	0.113108879912957
7618.608434	33,088	1,306	98	8.338462069	0.11201108631802
8062.179856	33,082	1,356	83	8.795973719	0.110645866756627
8263.270950	31,081	1,354	96	9.061740438	0.111805299544728
8697.838239	38,771	1,453	96	9.518148709	0.112048348890208
1676.992426	26,559	307	21	1.946146638	0.113412411542563
1752.412299	27,343	302	30	1.922482132	0.00286341240608924
1555.842412	27,332	245	16	1.691702497	0.0249869873488134
1622.130427	27,348	275	19	1.778463196	0.01994563228433
1808.304309	27,350	268	18	1.956923912	0.0190181468143857
1954.483716	27,348	328	35	2.182894786	0.018797079682533
2157.682342	27,349	360	26	2.373082064	0.0213048866916464
2030.575825	27,397	352	30	2.224928671	0.0261633296277788
2154.411075	27,325	368	29	2.391845705	0.0307083126111122
2253.326453	27,358	386	30	2.478397057	0.0293309012397234
2444.849584	27,412	390	31	2.668546023	0.0244864854187543
2346.825630	27,336	373	25	2.556481444	0.0284099076570994
2459.959112	27,357	435	32	2.821552058	0.0345068472269036
2725.638463	27,370	450	34	2.983987405	0.0345492707706259
2815.442269	27,371	502	43	3.097046063	0.0336319140341478
2830.678033	27,425	514	32	3.204823937	0.0318721945118553
3229.505448	27,405	579	35	3.542970885	0.0315732090928904
3358.671446	27,375	580	52	3.689710176	0.0354105013040341
3642.517658	27,387	597	48	3.978859927	0.0387004723394579
3787.113245	27,394	622	40	4.151901748	0.0431068608830846
3834.045215	27,447	665	48	4.310100625	0.0446780181092188
4151.288497	27,477	714	57	4.670374777	0.0449805591190944
3835.583529	28,665	609	46	4.166681334	0.061187598100422
4245.316740	28,708	689	43	4.642146851	0.0746852029924062
4174.800271	29,670	664	45	4.566101421	0.073603125658985
4743.705362	30,300	778	44	5.170291986	0.0728071163078344
4483.819557	31,362	720	54	4.896279182	0.0726963426088251
4475.531600	28,996	706	46	4.881221554	0.0710530447824882
4953.621591	30,059	818	62	5.421530545	0.0697802613631946
5406.489128	33,026	879	56	5.920191815	0.068762933746164
5774.002356	30,258	961	69	6.319941110	0.0677729531839382
6092.255444	33,246	965	57	6.648827516	0.0672022829173869
6320.301973	31,100	1,004	57	6.914762097	0.0672855068476292
6441.263706	31,624	1,057	74	7.037074838	0.0669462605952405
6801.494312	30,934	1,125	72	7.426847459	0.066074555469559
7013.753874	29,793	1,163	87	7.685811355	0.0654044045335316
7283.353465	40,488	1,157	72	7.972093888	0.0649071027812556
7491.205136	38,192	1,231	78	8.181928025	0.0644751674310984
7713.320885	36,969	1,303	100	8.463138604	0.0638467713357607
8147.150667	33,237	1,389	83	8.920168717	0.0634231333200418
8418.767183	33,875	1,449	100	9.259430007	0.0741756233912868
8362.497746	46,399	1,341	98	9.137399424	0.0747736017667079
1814.112396	26,579	321	34	2.007861254	0.0808575847781562
1948.998433	27,352	312	21	2.125731371	0.00350022624357082
1833.176184	27,347	303	31	2.028467191	0.00763458827183815
1924.763384	27,361	313	29	2.108900310	0.0298031548632036
1918.725090	27,371	325	23	2.199179507	0.0179351830388503
1999.205022	27,344	317	22	2.192679283	0.0292162336632465
2039.503841	27,346	340	27	2.292931094	0.0260222954210894
2083.772867	27,404	343	28	2.290087207	0.024251676029483
2201.925952	27,343	361	20	2.396466096	0.022626346481277
2285.058906	27,365	381	31	2.500033180	0.0226744779745862
2326.621367	27,431	397	31	2.576650282	0.0234413563039807
2448.968908	27,346	438	35	2.702990306	0.0205511669484874
2628.089263	27,353	405	29	2.895449791	0.0243435134042393
2835.959057	27,370	455	23	3.203228973	0.0308055628157911
2851.995444	27,384	469	42	3.163949847	0.0304725391858949
2907.345270	27,417	527	37	3.322198714	0.0306777724770582
3255.445477	27,398	546	38	3.568185731	0.0314988250740721
3320.711530	27,397	580	49	3.626285298	0.0387847069083473
3671.811100	27,412	631	48	4.025976077	0.0394094127947488
3884.147767	27,404	638	61	4.300318106	0.0412014614582765
3977.474028	27,400	708	50	4.391730288	0.0553612685463162
4187.263353	27,488	710	50	4.630199963	0.0563227126725259
3980.889159	28,704	649	52	4.374274386	0.0588833303457827
4320.129208	28,697	709	52	4.744990847	0.071430044999882
4247.627718	28,964	720	50	4.645673032	0.0713749099262212
4669.063974	28,713	749	46	5.127037767	0.0715021421649876
4465.548036	28,733	704	57	4.884055432	0.0712018958815887
4530.200460	29,853	789	64	5.125574376	0.0703133675952164
5045.061174	29,646	879	62	5.530440275	0.0735309524219785
5401.253203	29,880	902	65	5.930062709	0.0797922730412204
5914.199883	28,760	941	56	6.456901528	0.0978689597695387
5991.700162	33,300	977	65	6.588373140	0.0964969831899121
6303.275111	31,809	1,045	68	6.904602075	0.0950884945261226
6331.878649	30,019	1,039	82	6.957974715	0.0937073488598536
6860.027757	31,195	1,162	85	7.554620176	0.0925260444703622
7104.880539	30,109	1,194	76	7.802672713	0.0914229465427726
7332.574758	35,108	1,210	84	8.038385282	0.0909446982844671
7439.199847	34,807	1,292	95	8.167828084	0.0898830885201288
7543.953857	37,340	1,205	79	8.242297525	0.0893013822155354
7722.132043	29,835	1,253	88	8.509596242	0.0898430715703405
8430.364447	29,777	1,358	81	9.242576629	0.0901065615915009
9022.916124	31,622	1,477	89	9.888195554	0.090807194044482
1718.325168	26,581	309	30	1.996482895	0.0903439078092605
1839.867728	27,346	299	20	1.992814247	0.00372978698798569
1928.682107	27,316	319	31	2.110022026	0.00420155696893446
1984.974149	27,336	305	27	2.196367884	0.00727095645189493
1899.043761	27,342	333	27	2.066896209	0.0112218423153518
1960.737561	27,336	327	23	2.148595630	0.0132502090625441
2082.171588	27,347	348	19	2.261810065	0.0134615479417533
1988.275433	27,365	378	34	2.293921415	0.0119397852692763
2285.412864	27,299	349	25	2.491087559	0.0112102504205106
2106.007749	27,329	352	28	2.305804298	0.0133464822977429
2295.636926	27,393	393	32	2.533916193	0.0171416461310252
2349.047761	27,423	387	34	2.597363063	0.0188368454689522
2631.020836	27,358	422	28	2.871027830	0.0167938914846419
2803.129148	27,380	430	25	3.038628631	0.0193054528521993
2872.824968	27,378	511	31	3.151315599	0.0254760815577995
2995.589741	27,428	539	33	3.368540424	0.0248295531220055
3143.044955	27,405	511	39	3.461686490	0.0244845915265814
3182.446994	27,367	531	38	3.588371999	0.0242662857956826
3153.288132	27,379	500	38	3.428699535	0.0249014546294581
3501.406781	27,363	596	42	3.823718197	0.0323039042617748
3966.912630	27,393	661	43	4.341177982	0.0314686949450542
4141.722244	27,476	696	58	4.561786366	0.0308399404213809
3916.102448	28,688	697	44	4.291721183	0.0527409387326781
4153.976051	28,703	668	50	4.529371825	0.0516661820748873
4225.845440	31,443	701	50	4.646945772	0.0507963875543157
4517.130160	28,712	741	62	4.966313065	0.0561019569664103
4708.106371	31,202	781	58	5.283647260	0.0553690158836395
4611.718980	32,502	796	49	5.063416954	0.0549921233389967
4981.633626	28,971	843	69	5.516492861	0.05432589400815
5399.901090	30,703	880	53	5.905986832	0.0531641967414421
5376.165563	33,083	822	57	5.820587749	0.0523768687742338
5795.972580	29,816	963	75	6.352518242	0.0518461873400976
6095.362814	29,976	979	65	6.667874012	0.0523141943338525
6373.973981	30,083	1,042	76	7.083302669	0.0525966000198252
6813.009586	30,976	1,128	67	7.436716883	0.0525628079028559
7119.342071	30,815	1,146	74	7.926125798	0.052626183191944
7231.162211	35,959	1,193	68	7.885568417	0.0573399900049718
6683.219863	34,871	1,012	60	7.388408365	0.0643258827109367
7727.892573	33,990	1,245	77	8.464160638	0.0796132662506584
8151.356736	34,879	1,377	87	8.951067719	0.0774191509449342
8239.064399	38,842	1,338	98	9.038449921	0.0753047472983207
8831.687921	31,341	1,455	104	9.691108094	0.0734309755690984
1944.518811	26,574	311	23	2.126691617	0.0719332199792529
1742.864655	27,344	297	31	1.931000883	0.0892969072113211
1911.890510	27,331	329	23	2.092998239	0.0565997159598857
1932.304889	27,332	359	25	2.129570375	0.0464328537205227
1939.712392	27,343	317	27	2.124343865	0.0411832984291605
1977.286022	27,335	330	18	2.297430876	0.0377542729631187
1883.324117	27,331	349	28	2.176333508	0.0350311712277679
2118.231355	27,401	352	32	2.340880059	0.0354328977833306
2135.410009	27,343	355	27	2.375095143	0.0400544696738469
2304.514563	27,342	396	28	2.524731345	0.035322886826427
2314.475056	27,400	375	28	2.534259265	0.0318895527358065
2494.582971	27,449	404	28	2.716029197	0.0330375628887569
2660.293906	27,380	434	38	2.928023506	0.0387765498733476
2675.168713	27,371	438	36	2.944123600	0.0376263270050857
2730.458386	27,390	468	36	3.103611475	0.0372951390532804
2731.060763	27,422	469	39	2.985381438	0.0380775827035149
2693.037565	27,411	424	28	2.940648232	0.0413810684364748
3286.284670	27,384	563	45	3.600492979	0.050330368338316
3661.126717	27,371	606	41	4.000338033	0.0581687971279566
3677.652110	27,377	588	43	4.006360283	0.0711102848589718
4003.994344	27,375	697	47	4.380654961	0.0720978991218671
4053.305128	27,482	677	51	4.415582641	0.0729155521622076
3922.086966	28,675	660	45	4.297187317	0.0741631337965598
4078.718419	29,740	701	57	4.464497435	0.0807394659078041
4196.256444	30,968	713	57	4.602813048	0.0812877698120981
4440.979370	29,668	741	60	4.863709420	0.0818100417536505
4689.735801	28,949	745	56	5.137090876	0.0820073932046895
4722.082043	29,018	791	58	5.177800280	0.0817522292928025
4879.702524	32,965	789	57	5.321625210	0.0824561279581722
5365.999576	33,063	886	64	5.881181950	0.0834106544596131
5519.318496	33,404	930	65	6.029386903	0.084504955120692
5885.330075	31,536	998	62	6.429323093	0.0842341224746071
6175.000987	30,301	1,013	61	6.778379241	0.083961291512875
6386.600790	29,821	1,078	66	6.989199347	0.0835990243564663
6901.453812	31,288	1,165	88	7.576888412	0.0829898846144547
6685.427556	31,672	1,042	56	7.395956272	0.0822791442411118
6812.632121	31,140	1,141	89	7.440740567	0.0820090934140992
7550.396765	35,341	1,261	63	8.262796648	0.0820265563164704
7821.620654	31,029	1,302	87	8.563184924	0.0831363346648734
7933.342288	29,172	1,278	93	8.752781888	0.0834443638760638
8196.510411	33,319	1,299	83	9.080461340	0.0882973974112129
8758.839628	30,958	1,464	99	9.589943014	0.0895319889547427
1743.900563	26,576	280	22	1.914264809	0.0895607945410606
1872.029794	27,357	335	29	2.067318341	0.0185360217018474
1837.086205	27,354	285	20	2.012829278	0.0235949078857298
1994.889059	27,334	333	21	2.196121222	0.0311793654956639
1875.347459	27,341	318	23	2.052936081	0.0441011953375976
2014.335354	27,349	329	29	2.211095165	0.0360270789727014
2032.095629	27,344	339	35	2.228455684	0.0329857879196178
2245.884126	27,413	353	25	2.463371056	0.0306012894061846
2075.380836	27,346	337	37	2.283812856	0.0277707627910288
2249.760849	27,345	379	27	2.477160926	0.0249850375609592
2257.931287	27,432	356	24	2.560461142	0.0233183139449556
2383.935758	27,366	433	38	2.612822638	0.0220278973742316
2534.018592	27,375	382	28	2.778989328	0.0203133201992841
2740.233906	27,373	458	34	3.010510376	0.0188786947780339
2919.515454	27,441	485	32	3.193054184	0.0242668757955388
2783.226129	27,400	442	35	3.039377870	0.0317240432489653
2916.203361	27,423	495	48	3.207289631	0.0338817607862145
3087.166355	27,384	489	36	3.369822159	0.0365463208285675
3661.409930	27,403	609	45	4.033222434	0.0407689840701109
3830.843640	27,380	630	54	4.201497374	0.0639695496174518
4102.864954	27,377	633	43	4.503404071	0.064970118902511
4309.032341	27,500	690	48	4.826272276	0.0750537385852318
3981.104181	28,712	691	56	4.381800549	0.080930980069267
4268.722632	29,784	730	54	4.696543224	0.0819056997892642
4163.014535	31,591	668	47	4.544540562	0.0836148341840841
4536.007997	28,720	731	50	4.963571209	0.0863157345225323
4646.144279	28,716	803	57	5.092582961	0.0884310903504966
4767.904995	31,922	751	42	5.208330466	0.0953222751429675
5088.967064	29,031	822	59	5.587761905	0.0949266630104591
5446.086864	28,731	928	66	5.979158861	0.0947829054693761
5644.844687	29,829	962	57	6.168243123	0.0951142853732984
5890.017567	29,881	967	57	6.449695519	0.101263530401105
6084.186273	33,295	1,050	79	6.777563915	0.101027846209661
5645.920612	30,715	926	69	6.172017424	0.100912600072059
6884.270398	30,847	1,135	76	7.549202409	0.101041680394615
6953.103756	33,166	1,187	78	7.600801415	0.111000415393024
7152.959204	33,539	1,185	79	7.832088819	0.109866325384226
7427.793230	32,291	1,162	68	8.108676528	0.108718152204588
7631.753365	36,729	1,219	68	8.411655497	0.10766095015029
8086.960806	31,900	1,338	87	8.869453622	0.106538426305992
8309.320240	37,460	1,346	86	9.104580848	0.1129225914504
8764.522775	33,210	1,459	93	9.597467681	0.111633654647785
1717.283496	26,574	264	19	1.894834963	0.1104601189373
1633.756580	27,378	292	27	1.895149198	0.0146333152557611
1703.630732	27,365	263	20	1.853287108	0.0133414451314157
1726.303543	27,336	306	29	1.890363847	0.0161597613131058
1766.471619	27,350	293	30	1.932014543	0.0499765242815961
1943.895738	27,342	309	29	2.128385564	0.0475730946159351
2008.823567	27,338	360	31	2.212009107	0.0381895983269027
2221.999046	27,443	377	22	2.435201994	0.0308014895505919
2009.450894	27,391	352	28	2.300176703	0.0276429845732973
2261.742508	27,392	406	32	2.487672480	0.0278018798771453
2384.519041	27,453	383	28	2.619566209	0.0285586037880351
2297.842556	27,351	375	32	2.518490512	0.0296716190898047
2542.289312	27,358	418	36	2.802380153	0.0313075041611987
2705.815978	27,372	440	36	2.965223451	0.0344248453149414
2906.860557	27,425	504	40	3.212109600	0.0362323770076458
2986.478438	27,384	472	35	3.257883185	0.0381665541733309
3086.432575	27,415	561	50	3.508920922	0.0350826796552097
3344.985017	27,362	562	39	3.675030808	0.0357632546010664
3676.292811	27,371	602	43	4.031470265	0.0364140075625986
3961.544125	27,362	654	45	4.369771879	0.035373473524206
3811.942018	27,404	628	48	4.284899970	0.0540999298652311
4052.644917	27,477	707	60	4.552947153	0.0524969176378099
4107.000358	27,577	690	44	4.598678013	0.0619145809806744
4097.826731	31,552	702	58	4.604161784	0.063308194580288
4180.125340	29,855	685	51	4.576364127	0.0623894686701925
4559.068383	30,388	764	46	5.086071407	0.0619541767431539
4784.281131	29,654	760	55	5.207579869	0.0727752626653656
4653.454605	30,868	757	49	5.203988231	0.071222004745157
4989.007585	28,912	806	52	5.449288079	0.0700463228409658
5546.460883	30,032	915	57	6.061949384	0.0690840748330005
5372.842814	30,118	871	62	5.835712134	0.0683442491843375
5271.357615	29,794	853	56	5.820801857	0.0677743923294114
6147.657558	30,003	1,026	63	6.716008632	0.067351817712182
6578.280988	31,341	1,058	62	7.195758746	0.0668926609573495
6792.146907	30,924	1,131	66	7.431370906	0.0665573268678731
6743.977772	35,526	1,108	80	7.345277305	0.0663807458651238
7281.567071	34,126	1,179	76	7.983378430	0.0668277516430994
7554.936352	35,167	1,263	88	8.296532404	0.0696968477041466
7798.413810	29,977	1,229	76	8.524662652	0.0732218816297288
8455.628992	37,937	1,269	53	9.239518114	0.0785602028398662
8492.094490	34,108	1,380	81	9.270404603	0.087153149571711
8024.410087	33,582	1,306	103	8.742197027	0.0875939123730582
1865.210295	26,539	304	20	2.030800961	0.0887451480287105
1873.301382	27,326	307	21	2.040219350	0.0184584647990374
1905.246361	27,316	317	28	2.080573574	0.020247414679201
1917.755216	27,315	321	28	2.115411097	0.0196663127420501
1887.183916	27,321	327	30	2.076610323	0.0177800081890121
2011.826952	27,331	337	26	2.209600447	0.0157227322144563
2126.430700	27,323	379	31	2.341287969	0.0177357569375605
1931.502477	27,409	351	40	2.228372331	0.0193659293739335
2094.355225	27,332	357	21	2.385637102	0.0199831537326158
2252.375606	27,336	368	22	2.476810426	0.0177070859487201
2369.054079	27,441	397	27	2.586519733	0.0284322991338308
2385.648288	27,322	411	34	2.617698229	0.0315891663850034
2544.081252	27,329	412	30	2.779138040	0.0293292579436539
2732.529824	27,386	460	35	3.003798320	0.02818083134645
2831.225398	27,425	482	37	3.120281602	0.0280769578692027
3034.633848	27,377	489	29	3.306407500	0.029311279383404
3178.703038	27,401	526	44	3.490996087	0.0328600928086559
3452.066505	27,357	581	48	3.783528574	0.0388847463592785
3497.467718	27,368	566	44	3.839488173	0.0405276232529414
3714.848575	27,370	598	43	4.048052256	0.0400642049538334
3948.902661	27,401	667	48	4.344900421	0.0387086698023434
4315.531148	27,467	734	43	4.729155644	0.0401086978651224
4330.122323	27,573	738	45	4.723482849	0.0418735183697299
4386.374823	28,692	718	47	4.788615367	0.0616237119442402
4038.386695	28,910	673	50	4.507756516	0.0604181295863205
4944.142095	28,702	746	43	5.383759967	0.0594346079520675
4769.057307	32,052	766	51	5.217540068	0.066268747628955
4799.173828	29,847	810	52	5.275869940	0.0661490203765929
4924.406920	29,810	806	55	5.414852051	0.0659537045421593
4893.134316	28,750	782	66	5.324684854	0.0669776048526303
6004.329395	29,772	980	70	6.588935056	0.0701311093073294
6010.315414	29,930	1,004	60	6.574010694	0.0889149206586487
6093.579669	33,255	1,005	62	6.677010145	0.0892758892189599
6362.375051	30,517	1,042	68	6.941512834	0.0879211951556723
6682.529011	32,047	1,096	67	7.348308141	0.0867370205357398
6958.898791	31,483	1,168	62	7.610564873	0.0857007918631194
7203.891210	38,603	1,214	83	7.892724027	0.084570682030939
7647.985218	30,843	1,226	72	8.399830510	0.0835828519783369
7656.712944	37,267	1,308	80	8.478682499	0.0830440895351361
8175.126283	41,156	1,380	94	8.934729481	0.0822769387220336
8366.932429	33,734	1,351	74	9.123803891	0.0817828380202244
8097.985498	34,477	1,318	102	8.853774297	0.0858035887888208
1942.965766	26,581	292	16	2.124709134	0.0849779608770487
1760.399721	27,348	280	20	1.933634300	0.00202884020094772
1928.461044	27,337	283	19	2.087296332	0.0315421311737727
1910.773474	27,324	315	32	2.113454506	0.0267238504230691
1809.237169	27,336	338	25	2.107329083	0.029883849391799
2102.715927	27,347	327	26	2.312387431	0.0882695338387659
1883.970064	27,345	333	26	2.155924333	0.0834397248258658
2104.812925	27,383	358	26	2.310066240	0.0771937159452382
2160.474195	27,328	349	32	2.379694295	0.0704681268372285
2311.001998	27,340	382	40	2.556030655	0.0687162230609701
2279.919609	27,430	399	34	2.518907992	0.06740086163072
2474.837116	27,432	425	39	2.723953190	0.06318727772812
2590.503057	27,369	416	26	2.823628462	0.0598509953198083
2632.481416	27,379	423	35	2.885502529	0.0572097230377933
2789.919466	27,436	439	35	3.032142865	0.0565148337082045
2942.443698	27,379	481	39	3.230367063	0.0625747988414596
3062.692093	27,398	512	45	3.368941523	0.1034841382606
3455.357378	27,397	581	42	3.775175998	0.100416676968274
3730.392192	27,404	599	42	4.086827565	0.0970829089209614
3678.672028	27,401	649	43	4.133990959	0.0946758092276628
3915.575412	27,403	687	54	4.413822100	0.0952168259255961
4182.276520	27,495	690	44	4.562918860	0.0935754556217684
4479.394640	27,594	741	57	4.936542308	0.0918549439548359
4588.177835	27,570	810	52	5.035167933	0.0963979442334124
4079.987640	28,893	695	59	4.491576573	0.0946541439513876
4496.000378	28,400	739	64	4.910708588	0.093016010423351
5021.017065	28,703	810	50	5.497195877	0.0913258972990694
4906.385870	28,995	749	42	5.474738167	0.0903996977345304
5078.421317	29,021	822	66	5.576887345	0.0903705835356793
5463.956815	29,821	914	59	5.985328190	0.0894715337186705
5401.496358	30,091	880	64	6.009712394	0.0882836540845271
5967.836740	30,883	1,037	74	6.657308274	0.100115409345017
6115.941281	29,133	967	58	6.741680127	0.0984715806945972
6177.027744	32,599	1,017	73	6.841575256	0.106013485020205
6518.455754	29,781	1,058	87	7.149616077	0.104525345063601
6840.329781	31,236	1,147	83	7.484117285	0.103332693408897
6811.964923	38,200	1,092	66	7.434561828	0.101987809433352
7139.343587	34,199	1,166	103	7.826105545	0.100670375493043
7663.258995	35,421	1,267	91	8.428378734	0.0994317148391416
8005.455363	35,155	1,304	95	8.771492846	0.0981694671228192
8196.946693	29,769	1,304	94	8.993365421	0.0968767790425949
8789.007402	30,064	1,506	107	9.672438357	0.0956758606803101
1853.448374	26,591	311	27	2.037631709	0.0945514312197271
1847.963028	27,353	315	26	2.020383603	0.0310255575808835
1860.346990	27,345	316	25	2.049562949	0.0187912842198442
1834.204841	27,343	299	20	1.995097082	0.0382495668955873
1905.299149	27,347	350	23	2.108357590	0.127846800721777
1983.909122	27,337	348	36	2.187639727	0.118326654613011
2116.447245	27,355	348	28	2.343772989	0.104828686654169
1950.369834	27,406	298	23	2.118411854	0.0960595521224762
2111.258354	27,341	354	31	2.311634573	0.09089382254599
2269.541890	27,347	383	32	2.492667597	0.0862813713800394
2226.798578	27,439	380	35	2.434723599	0.0823471920874421
2407.839652	27,334	379	27	2.628682313	0.0781066340454667
2520.400190	27,341	426	31	2.766307686	0.075126413125407
2801.925638	27,391	453	34	3.081327091	0.0724051030899881
2757.299596	27,422	458	35	3.027060259	0.0703153664901496
2955.429069	27,363	484	42	3.275018022	0.0684004830261069
3221.596600	27,404	540	40	3.522844932	0.0676947487612397
3372.869443	27,369	545	42	3.681930598	0.0687076224182285
3610.364638	27,376	596	53	3.986246934	0.0669582081619029
3576.607734	27,369	589	49	4.026686029	0.0657469631664965
3922.515939	27,401	616	39	4.279770427	0.0648922021017159
3772.878044	27,464	621	52	4.138835994	0.0634107243492174
3899.068051	27,550	637	53	4.360387727	0.0625112519605719
4787.399896	27,540	770	48	5.228382131	0.0690056116106457
4257.170379	28,896	663	38	4.676950319	0.0677254723874231
5136.389756	27,584	853	62	5.652751274	0.066464387604668
4894.242725	28,679	783	61	5.375128233	0.0648531246376653
4655.494593	28,996	758	57	5.096346485	0.0633769908578135
4958.270746	28,963	852	63	5.442696010	0.0621152869727464
5459.060326	28,708	897	56	5.955753063	0.0612527310334265
5810.944180	30,246	946	62	6.375456423	0.0659718878861481
6003.902091	29,778	984	71	6.587537079	0.0650221383982752
6473.745873	30,022	1,093	69	7.245237772	0.0642243956533511
6368.829477	29,795	1,036	86	7.014661264	0.0640717133720615
6625.941012	30,889	1,097	67	7.249725724	0.0646415843364793
6468.899299	30,055	1,091	82	7.053617940	0.0706386743577781
7017.428293	33,278	1,114	83	7.703225377	0.0834866595688849
7470.481178	29,833	1,177	86	8.180347942	0.0823852713954193
7806.609185	29,875	1,245	81	8.551351069	0.081276906591676
8018.782849	40,239	1,351	94	8.922321341	0.0802026203433585
8356.494786	31,014	1,358	85	9.154150173	0.0792051642915119
8671.671901	31,797	1,356	90	9.462152027	0.0783162230964635
					0.0775097413569498
