6458.952983	66,514	1,464	195	11.348609241	0.0329355655147513
6530.397293	65,819	997	68	7.299330083	0.0131552456090102
6908.644362	65,826	1,054	67	7.569885089	0.0275924979139
6613.052985	65,853	1,012	76	7.209618071	0.0430848219252543
6533.674272	65,851	1,013	78	7.102006485	0.365520038117835
6593.736192	65,828	1,093	98	7.234122506	0.155204999659047
6423.055066	65,811	1,019	85	7.167994075	0.150772141270557
6593.878436	65,803	1,087	112	7.260275431	0.135378711925572
6522.665861	65,828	1,065	79	7.122075826	0.134147969483821
6715.600746	65,885	1,056	87	7.359007856	0.131880615071452
6500.624344	65,822	981	72	7.091465140	0.1129159976573
6704.836923	65,894	1,039	78	7.302010720	0.119967269525036
6635.853966	65,883	1,015	84	7.228433757	0.117405873974399
6684.117991	65,920	1,066	82	7.316645106	0.113434866113422
6692.079883	65,943	1,031	78	7.309152710	0.807931036470549
6725.563822	65,952	1,092	105	7.438379637	0.709369924354102
6760.307427	65,927	1,118	116	7.448129914	0.710560869657907
6891.136758	65,970	1,134	103	7.604406549	0.100966746873427
6679.521840	65,836	1,119	110	7.397652440	0.0878010495398323
6582.768381	65,833	1,043	79	7.247235768	0.283343414625923
6654.215834	65,967	1,054	97	7.307562287	0.0914812255917653
6633.247443	65,913	1,096	104	7.285271453	0.0936419331379112
6485.165690	65,797	981	74	7.096743049	0.193440993345456
6501.743299	65,823	1,050	94	7.120735838	0.224531515165149
7104.035107	67,566	1,133	103	7.786840982	0.7941515216496
6664.320570	65,925	1,074	88	7.306716495	0.0916142259462351
6467.640027	65,791	1,028	88	7.069333954	0.413846772850425
6481.647870	65,770	1,051	98	7.122762346	0.0847473152590742
7055.043961	67,521	1,118	92	7.749963924	0.0958395468838962
6317.192965	65,801	1,009	87	7.024209335	0.125093476713765
6808.061553	65,917	1,103	94	7.442312720	0.0937971939178234
6421.798171	65,739	974	79	7.056497972	0.305041737662769
6921.215145	65,929	1,102	93	7.579230834	0.0984085893372458
6931.682585	65,904	1,140	107	7.616120349	0.0967281492813064
6884.026873	65,914	1,092	98	7.542249989	0.0938201270914973
6575.888276	65,720	1,067	102	7.231400912	0.349840519125147
7317.889093	67,542	1,255	120	8.102773607	0.10403134517554
6874.478933	65,918	1,137	103	7.652580580	0.0993414277984754
7250.658123	67,544	1,214	108	8.119987087	0.796812280186931
7252.721992	66,019	1,180	114	7.996369188	0.0996037818350375
7288.270390	65,955	1,223	104	8.049130017	0.655397697824444
7607.387688	67,587	1,258	112	8.405271347	0.104953945337284
6483.043883	65,854	1,028	100	7.121278641	0.00946722309811715
6505.096729	65,868	1,080	104	7.298342970	0.014597086343385
6954.332485	65,842	1,169	120	7.729058112	0.0134341867686945
6674.517008	65,951	1,074	111	7.363494878	0.0470281670374619
6585.774833	65,955	1,071	105	7.249942383	0.0324129355928912
6574.546485	65,995	1,062	114	7.260444546	0.0361208436406026
6659.568940	65,982	1,084	101	7.357789671	0.757825434803719
6611.001936	65,924	1,066	101	7.329666980	0.0407738214782321
6648.090672	65,897	1,130	113	7.353074452	0.0586739583131942
6752.932497	65,931	1,082	110	7.484302633	0.05598869085174
6661.860851	65,967	1,122	111	7.488312923	0.0569840776218276
6559.246896	65,830	1,068	99	7.207113940	0.558129580340834
6562.355894	65,833	1,073	109	7.262523709	0.394733371565771
6566.673336	65,932	1,090	105	7.355852765	0.0915913033739567
6649.418836	65,948	1,061	94	7.292956747	0.102622160510359
6673.417653	65,946	1,095	102	7.353874028	0.764205907796073
6633.432284	65,955	1,073	96	7.302917643	0.0892062938552443
6614.842164	65,945	1,072	108	7.309301473	0.104758828817307
7170.662726	66,024	1,202	109	7.914314461	0.0989092478672242
6680.373209	65,978	1,092	101	7.370155133	0.111048908703573
6635.715691	65,975	1,101	116	7.333084901	0.240553799655971
6631.583638	65,977	1,082	105	7.411837282	0.112383046313435
6499.170591	65,985	1,037	93	7.132033789	0.310752723667314
7076.800555	67,546	1,163	109	7.767586978	0.114854048278259
7026.209323	67,551	1,164	87	7.802626406	0.113977104482011
6618.002339	65,930	1,065	94	7.274611538	0.119063864186563
7191.380187	67,556	1,187	105	7.880340093	0.113441461858065
6594.505526	65,970	1,085	102	7.257774477	0.134191392078596
7114.129839	67,598	1,142	103	7.782457122	0.114054492878609
6615.039393	65,925	1,067	108	7.280516519	0.247605473526672
7163.480196	67,202	1,175	110	7.919805578	0.115182919001457
6584.962671	65,930	1,092	111	7.290697182	0.297524351016492
6613.623306	65,933	1,067	102	7.299460911	0.173349074020542
7241.552709	67,598	1,185	119	7.974516445	0.114672410140916
6764.307541	65,956	1,077	93	7.472269845	0.607533633718681
7246.212741	67,602	1,182	116	8.015460492	0.139480262206011
7236.819174	67,597	1,145	111	7.976263786	0.139306145852362
6761.824185	65,922	1,062	100	7.458170526	0.590964955716804
7260.366678	67,578	1,137	96	7.978229891	0.140309643844808
6982.363438	65,956	1,124	107	7.701960521	0.1127522691312
7120.022778	65,946	1,163	122	7.877880564	0.617355535679554
7296.951657	67,595	1,150	98	7.990688254	0.144940171499286
6421.542280	65,854	1,069	92	7.124452588	0.146641961016377
6656.168305	65,884	1,132	115	7.490241719	0.00305171973690174
6560.772165	65,933	1,062	107	7.247938302	0.0321793712178797
6589.357697	65,827	1,092	114	7.294074018	0.0132636789354632
6458.321438	65,815	1,037	103	7.288280181	0.0117782408507039
6656.533280	65,929	1,119	102	7.347005411	0.0640825196651781
6521.207496	65,833	1,089	99	7.225208542	0.0295512149682568
6489.719891	65,823	1,071	99	7.149289396	0.0153121471653069
6586.026929	65,974	1,070	97	7.227948743	0.0734993595213336
6586.736983	65,858	1,101	110	7.240793407	0.0299370787215113
6699.409485	65,873	1,144	111	7.404267813	0.109009525731193
6648.213850	65,834	1,112	106	7.377982472	0.120228635338504
6656.997480	65,830	1,118	111	7.335746732	0.112605457954876
6629.724131	65,848	1,075	88	7.285464072	0.202739985538878
6541.816755	65,968	1,050	91	7.173997731	0.116958761205373
6627.997192	65,971	1,075	106	7.335539334	0.122041695942903
6852.840330	65,979	1,138	114	7.524834900	0.732287241277622
6544.578472	65,964	1,050	99	7.215352485	0.190886469668999
7109.210589	67,553	1,146	111	7.818695291	0.121498935886536
6852.670417	65,964	1,123	92	7.529576916	0.122152830090885
7177.746487	67,593	1,176	123	7.962793417	0.720499627687226
6615.454414	65,956	1,108	115	7.314573984	0.160193221889067
7123.192270	67,581	1,125	99	7.882534749	0.13474934536304
7000.879214	67,576	1,130	112	7.843470162	0.1323558603386
7134.874745	67,609	1,114	93	7.812580518	0.131309178449374
7226.524622	67,573	1,221	118	7.978448355	0.129361918588743
7208.301240	67,564	1,168	116	7.935116314	0.127282991914513
6784.524390	65,952	1,080	89	7.438426284	0.124275799058887
6494.407444	65,971	1,044	108	7.157634850	0.123579827814131
6557.973023	65,933	1,014	78	7.166473120	0.51526682890242
6436.759266	65,940	997	84	7.045954598	0.122098524295425
7232.906760	66,005	1,198	108	7.997275428	0.119967221705889
7278.192166	67,582	1,201	106	8.013644057	0.120598468580838
7307.687242	67,561	1,195	116	8.055475428	0.120171820263805
6499.751137	65,895	1,023	90	7.115033250	0.379150811707342
7385.655946	67,556	1,247	108	8.124056137	0.117956750275652
7326.452605	67,554	1,187	115	8.077268972	0.116874226782916
6597.548314	65,935	1,068	100	7.316192443	0.143196359279434
6813.643676	65,922	1,046	92	7.472860428	0.593070594981505
7756.085167	67,571	1,317	119	8.577776790	0.120907094523252
7334.626998	67,554	1,204	113	8.102891495	0.718869140054793
7531.592482	67,538	1,280	120	8.346938817	0.722159207909544
6658.322161	65,848	1,088	101	7.358515378	0.0533804298309946
6533.985303	65,827	1,074	107	7.207739329	0.0101142231556732
6501.273332	65,811	1,075	106	7.220272944	0.0109437023655767
6490.975185	65,834	1,054	103	7.126694958	0.0157922675633061
6535.200179	65,842	1,089	101	7.198721635	0.0440526144695658
6563.776599	65,841	1,091	98	7.233874013	0.0360538005619567
6558.889416	65,828	1,058	105	7.241593792	0.0660387861219814
6523.984752	65,811	1,098	117	7.211466362	0.0844563379562048
6536.763999	65,832	1,042	87	7.163886003	0.10323241922983
6695.792824	65,904	1,097	110	7.403874227	0.778928720775115
6745.974468	65,926	1,128	121	7.435557402	0.0855823375826896
6681.551259	65,959	1,128	106	7.417819758	0.0752248487577258
6770.505739	65,946	1,108	115	7.490141484	0.0796190271257751
6635.508865	65,943	1,081	120	7.343379095	0.0710135690512918
6834.613533	65,974	1,148	120	7.580811947	0.106218453264209
6618.045450	65,833	1,093	108	7.250718646	0.219951203615058
6897.182226	65,969	1,144	110	7.655913630	0.867376439819461
6563.914987	65,821	1,067	110	7.232618734	0.626420099971705
6812.521636	65,992	1,073	99	7.493073088	0.133958205821356
6708.764485	65,959	1,103	103	7.405313350	0.795895516521315
6798.024870	65,955	1,109	105	7.498590177	0.132311770060366
6860.752845	65,939	1,082	97	7.577870457	0.130269711575114
6477.205872	65,789	1,026	96	7.145608224	0.412555164873997
6819.378098	65,922	1,097	113	7.530924061	0.126891581085633
6876.912782	65,923	1,111	97	7.555992726	0.125502505078392
7025.750612	66,040	1,146	113	7.861871907	0.124129149956237
6460.570753	65,820	1,027	99	7.098872811	0.497778060129358
6751.773247	65,965	1,103	115	7.412367583	0.134715531408692
6747.890047	65,971	1,111	97	7.423034901	0.709649716638372
6581.551139	65,994	1,086	98	7.291127911	0.152228557864497
7353.022909	67,632	1,182	105	8.070434487	0.819287979298846
6606.603691	65,778	1,085	114	7.308576333	0.371001459832308
7380.670265	67,587	1,206	104	8.160110895	0.152327542252988
7085.476766	65,945	1,161	115	7.838386458	0.15177768104438
7293.008179	67,579	1,156	120	8.029955656	0.80522075059367
7241.843690	67,587	1,172	108	7.958477503	0.16932997385059
6782.430840	65,946	1,131	101	7.589247946	0.67083227377458
6571.572458	65,705	1,122	111	7.275500230	0.387238850951506
7115.375667	65,945	1,191	93	7.883709757	0.202770350371647
6869.011432	65,682	1,149	84	7.601285573	0.285921793754393
6956.766592	65,947	1,146	106	7.675478676	0.197040579186663
7126.114389	65,921	1,124	87	7.825203027	0.189146160362771
6585.065471	65,832	1,033	105	7.284690654	0.0670767159810843
6552.277881	65,888	1,059	111	7.223336135	0.135983325769854
6526.181315	65,866	1,075	100	7.175461808	0.154983877762499
6552.355046	65,885	1,038	105	7.261396868	0.282893105449689
6641.895556	65,970	1,141	112	7.332401575	0.206844453565826
6509.620834	65,824	1,053	111	7.137853372	0.407994222083747
6597.005227	65,798	1,070	102	7.274970016	0.472660913301037
6568.848864	65,846	1,072	98	7.240517561	0.500731703017141
6566.945535	65,998	1,063	97	7.233338247	0.622484024619474
6564.081959	65,975	1,051	96	7.227005533	0.591338203280085
6624.186778	65,955	1,075	99	7.280612651	0.612516548042971
6614.461429	65,928	1,090	110	7.296873974	0.598546352743362
6701.046581	65,930	1,090	105	7.406543668	0.685710798189901
6617.465783	65,955	1,118	88	7.409027933	0.674512082228938
6766.215138	65,972	1,100	95	7.474120626	0.710706360666303
6693.783895	65,927	1,118	112	7.387821960	0.685530945685713
6700.374051	65,954	1,083	102	7.409941043	0.657101734710437
6768.728902	65,965	1,095	105	7.460553447	0.688464764556759
6818.453124	65,944	1,138	107	7.522187738	0.690276041145828
6677.741726	65,972	1,106	88	7.452962899	0.666132427192955
6791.551810	65,980	1,115	109	7.484411225	0.634288272663557
6767.608061	65,973	1,107	114	7.481388250	0.681931001081177
6889.351770	65,958	1,112	107	7.601818989	0.598277708359701
6866.662497	65,955	1,126	109	7.565764660	0.675029599854662
6895.678667	65,959	1,097	102	7.606480700	0.789169613587374
6873.740595	66,020	1,163	102	7.578802143	0.563198928880441
6897.063632	66,012	1,104	111	7.620612378	0.750241075176962
6793.867952	66,017	1,137	102	7.632676968	0.748335366894564
7297.977269	67,622	1,234	114	8.080535465	0.350431762763595
6928.480003	65,919	1,150	98	7.633786233	0.730943643528269
6980.275587	65,921	1,157	118	7.680379264	0.736169042738367
7017.853636	65,920	1,154	97	7.709915177	0.531417752621404
6850.399445	65,929	1,131	99	7.509875298	0.731543708152472
6719.264714	65,950	1,080	102	7.548919776	0.709312592242642
6954.975624	65,935	1,103	102	7.675479004	0.703570605445946
7422.123332	67,560	1,215	107	8.192407973	0.125839637598083
7295.651095	67,545	1,210	119	8.045937008	0.753861842923578
7207.249156	65,901	1,165	95	7.946454377	0.725925643694395
7800.170612	67,542	1,251	93	8.623906717	0.623719192009486
7444.185296	67,576	1,207	88	8.310018387	0.741870369340538
7298.996413	67,566	1,152	110	8.060627786	0.73172089330325
7332.433686	67,564	1,222	100	8.084108785	0.741266118598469
6630.279494	65,880	1,076	118	7.320192136	0.0457653297584932
6646.175407	65,841	1,072	105	7.326493607	0.00408501717932821
6552.282640	65,935	1,063	97	7.189330655	0.0456877383998581
6459.209386	65,871	1,120	100	7.251572521	0.0170360011631628
6432.537641	65,859	1,065	95	7.185731391	0.0119689121636536
6578.557706	65,954	1,095	98	7.206507366	0.0395285119477162
6481.864412	65,841	1,044	104	7.115819527	0.0587221727386829
6566.496215	65,977	1,114	100	7.371217444	0.0256474802509256
6548.519727	65,987	1,071	95	7.220950004	0.0176892097711599
6489.332600	65,931	1,070	108	7.126247444	0.0855920897266897
6529.081038	65,943	1,049	104	7.165279826	0.0404776635125536
6717.265236	65,952	1,119	95	7.381073047	0.0535957404084694
6760.717654	65,963	1,092	96	7.462858789	0.0578940778516695
6691.332557	65,981	1,145	96	7.462204253	0.730769418072437
6733.899079	65,978	1,069	99	7.396350488	0.0592355315097725
6532.454768	65,917	1,116	104	7.189009916	0.0705999583042227
6613.979275	65,958	1,061	101	7.261027259	0.652419797106929
6498.997133	65,933	1,027	89	7.120590049	0.17204352118359
6769.709863	65,978	1,101	97	7.461617556	0.0561153969713037
6537.512833	65,852	1,028	101	7.213444740	0.309714142210156
6859.612035	65,942	1,118	103	7.574327213	0.0568920404076368
6455.653060	65,938	1,030	91	7.116268725	0.0672298021233171
7069.239938	66,044	1,156	106	7.762439804	0.0786749529108901
6333.833760	65,934	1,077	105	7.041693723	0.287930145906322
6553.997710	65,935	1,096	107	7.208286902	0.126589495830843
6855.983726	65,935	1,096	100	7.546990191	0.0777081590303787
6509.202401	65,892	1,097	98	7.176650413	0.383503296688623
6792.054029	65,952	1,102	102	7.442716710	0.0788094407194305
7204.668448	69,147	1,169	97	7.932335502	0.0758208452992822
6810.166863	65,974	1,129	98	7.511173456	0.0781117634493794
6368.402408	65,949	1,027	109	7.109371705	0.292326980058045
6738.584007	65,974	1,042	96	7.436249226	0.0785874218644639
7289.447582	67,317	1,179	126	8.052990138	0.112828603817617
7326.705370	67,592	1,148	104	8.060054342	0.746610022408463
6641.559709	65,954	1,071	107	7.310482934	0.577374410726723
6838.790853	65,951	1,095	85	7.508034202	0.125514334850233
6872.035013	65,947	1,104	104	7.541108152	0.125408641210105
7191.013278	65,931	1,150	92	7.983739659	0.124509623819533
7571.827210	67,557	1,221	101	8.326427568	0.122674632935042
6987.261119	65,938	1,136	96	7.723433280	0.588019541347415
7250.940137	67,563	1,219	116	8.120504114	0.734781020738273
7111.301486	67,588	1,153	109	7.949607872	0.120729037534799
6475.420290	65,844	1,050	96	7.175751189	0.00791269900678718
6466.026718	65,874	1,045	108	7.132590160	0.00987289033174564
6497.528329	65,959	1,047	99	7.120430777	0.0915827332980881
6486.866863	65,890	1,092	108	7.169869608	0.0247379781441106
6616.117421	65,965	1,112	99	7.296661391	0.108341111386701
6464.585890	65,832	1,099	121	7.176435528	0.0443412307364295
6536.103012	65,821	1,108	90	7.167768944	0.0209495639110958
6465.817499	65,860	1,080	109	7.105887775	0.0613490716334619
6603.125300	66,006	1,064	103	7.297733543	0.0761815416327652
6539.638467	65,878	1,065	100	7.234348373	0.173571974849262
6551.303629	65,888	1,009	103	7.238948653	0.0891667480127068
6650.577973	65,983	1,113	114	7.334852347	0.0876299540860545
6481.006579	65,878	1,033	98	7.145566449	0.104478408906124
6471.521950	65,883	1,049	103	7.153045317	0.0680842366316816
6480.950185	65,876	1,041	94	7.154749655	0.0891317720207574
6755.131013	66,018	1,126	97	7.481034007	0.736108119581117
6693.977868	66,025	1,079	102	7.343245289	0.0909012143457632
6763.272772	66,016	1,104	93	7.438100210	0.0478323504208134
6751.068108	65,991	1,101	113	7.434781164	0.74854794355414
6449.038568	65,830	1,080	98	7.197180210	0.24456062832925
6400.310792	65,821	1,083	93	7.166359222	0.309434763431467
6830.968855	65,996	1,124	105	7.493509189	0.066580147009094
6716.223894	65,973	1,122	102	7.514571773	0.0651092538374095
6882.038341	65,972	1,082	96	7.541155522	0.0719269354570897
6689.318980	65,981	1,071	120	7.383839530	0.0603528173957574
6856.532504	65,939	1,116	96	7.492414840	0.069500498528903
6446.916579	65,785	1,027	96	7.097684566	0.135455324827315
6542.341965	65,784	1,098	112	7.210639871	0.31657479080142
6504.100549	65,948	1,064	109	7.187664719	0.134289716888281
6521.528975	65,897	1,055	100	7.183899664	0.126155493959204
6441.619619	65,749	1,014	100	7.089187704	0.162930025223803
6567.393605	65,949	1,099	105	7.241092160	0.509105298423732
6849.183918	65,956	1,113	109	7.588349624	0.0666667966370664
7281.127594	67,591	1,162	102	8.046220470	0.0682126085449366
7159.405919	67,595	1,164	104	7.829184009	0.0800434462200173
7394.313937	67,597	1,164	97	8.173714215	0.0914070226331563
6755.608145	65,968	1,105	110	7.404674144	0.0786828741319822
6575.376378	65,903	1,096	104	7.300723306	0.276004373282177
7745.873793	67,590	1,264	97	8.521796197	0.727154021667156
7352.017446	67,606	1,183	98	8.139953764	0.100593488351737
7225.580813	67,590	1,153	103	7.944180829	0.0998930263218188
7383.676106	67,573	1,190	102	8.141879768	0.106179616779937
6467.103599	65,854	1,042	105	7.096724421	0.00513049350204725
6349.878418	65,878	994	82	6.960647379	0.00924474122217453
6400.093696	65,870	1,059	84	7.017273939	0.0171784297363195
6455.099930	65,886	1,061	109	7.126123325	0.0343906229033294
6439.617297	65,869	1,027	83	7.026920107	0.150275499379873
6400.006968	65,847	1,076	95	7.114208037	0.0671031612723624
6486.297840	65,822	1,037	99	7.171270119	0.0670113941413829
6285.914418	65,829	1,024	94	7.020779158	0.0671947548283569
6537.878256	65,948	1,048	102	7.169427045	0.0619045558758302
6231.016549	65,850	991	90	6.949528273	0.0494120112551886
6266.681838	65,851	981	85	6.940046026	0.047854652505837
6263.134733	65,807	996	88	7.008787590	0.459632701010115
6321.177989	65,811	967	75	6.871322032	0.203651952825095
6396.014950	65,844	1,039	88	7.019484222	0.117327520520211
6588.929472	65,964	1,073	96	7.231850684	0.727452064588566
6560.363587	65,983	1,050	89	7.184339721	0.0589419150094401
6585.088461	66,020	1,017	94	7.228011319	0.0584484294133552
6400.097907	65,842	993	85	7.020890688	0.0553135466844845
6571.648419	65,966	987	79	7.199656739	0.734470399957677
6560.282807	65,981	1,016	89	7.186352423	0.0622497366590871
6652.444216	65,970	1,032	92	7.303061666	0.75235445853257
6563.541510	65,982	1,078	102	7.197504148	0.69479473908809
6772.051860	65,971	1,062	107	7.459724277	0.0989984588987304
6733.474931	65,942	1,076	103	7.400177793	0.0979577039768084
6671.191300	65,961	1,057	93	7.346177390	0.100017625363455
6573.199641	65,985	1,034	92	7.199375895	0.0983019093926645
6273.700759	65,970	978	70	6.951691512	0.536427207457086
7020.506527	67,518	1,107	103	7.705293746	0.133266238332433
6473.950267	65,931	1,024	80	7.143068243	0.131803641737332
6802.985551	65,989	1,092	103	7.476570217	0.132262227974489
6638.063885	65,999	1,023	86	7.285585594	0.132285485225227
6773.041660	65,953	1,118	93	7.446047182	0.129516694009872
6671.089676	65,947	1,100	102	7.313187289	0.130879020563348
6938.745453	67,538	1,077	87	7.735304963	0.126637798934229
6711.281554	65,960	1,088	115	7.442309462	0.610971019320404
6283.588830	65,885	1,055	99	7.026532935	0.146647288676183
7183.136501	67,548	1,144	111	7.908088578	0.124209153858868
7214.061520	67,550	1,141	95	7.917896629	0.123840208116476
7289.484896	65,907	1,138	80	8.000598652	0.130856337300098
7222.389950	65,953	1,139	104	7.963415418	0.14378837878592
7176.365709	67,596	1,151	103	7.880322324	0.123973463055742
6398.073918	65,948	1,025	88	7.033104966	0.272628057540005
6312.171364	65,878	967	89	6.896942619	0.0162764187328574
6359.571999	65,829	993	88	6.977386009	0.0216387719980861
6317.064477	65,804	1,037	92	7.070164650	0.0638428333482588
6440.543644	65,819	1,047	95	7.094316510	0.0526035988162342
6231.138910	65,817	997	89	6.976604317	0.123818606956472
6239.905248	65,820	936	52	6.783311798	0.060112768924968
6273.938979	65,928	964	69	7.021586430	0.0451936022817647
6378.029712	65,999	988	82	6.997717701	0.0412255806492382
6476.996436	66,048	994	88	7.098111020	0.731236496537775
6248.052537	65,833	990	78	6.958393696	0.149275730253163
6477.420729	65,962	1,045	90	7.071035515	0.0846626548727842
6307.553128	65,849	974	81	6.892414844	0.273934515881318
6253.967403	65,847	936	67	6.814949432	0.167161173208466
6324.292088	65,873	1,017	91	7.033359379	0.190188325767707
6422.764021	65,853	1,008	112	7.084423814	0.0989455732667495
6401.180517	65,851	1,012	98	7.041304013	0.217884423781277
6679.579943	66,022	1,051	87	7.317108312	0.0651455122365062
6609.006067	66,029	1,033	91	7.261438409	0.0655206119866526
6623.425043	65,987	1,079	104	7.309300529	0.0630121544139435
6715.123859	65,951	1,065	99	7.381871126	0.0800029496021717
6442.989291	65,851	1,077	100	7.049057609	0.400138261344289
6422.898016	65,789	1,033	98	7.100346016	0.144760820844406
6659.571227	65,952	1,051	94	7.288458835	0.0931869762622323
6637.970735	65,949	1,055	96	7.303670327	0.642675683975354
6777.385348	65,954	1,089	90	7.423191565	0.0850967050943357
6494.931144	65,772	1,033	103	7.151878058	0.214986455711337
6455.569810	65,784	1,064	95	7.081909755	0.195769569976557
7083.594741	68,682	1,121	99	7.767103141	0.0839162830192355
6459.233276	65,785	1,070	100	7.096133512	0.50087569523868
6819.849372	65,890	1,150	98	7.478653436	0.0890587445053424
6659.224150	65,895	1,037	97	7.326798973	0.0958182632226726
6746.959824	65,884	1,069	97	7.512010139	0.0898366963828972
7149.846268	67,525	1,140	108	7.842676808	0.0832868353150231
7052.274786	67,567	1,121	96	7.865363567	0.100353088751112
7044.410008	67,573	1,078	88	7.687294024	0.100293396785211
6932.527930	65,933	1,119	95	7.602909865	0.103092939675219
6772.860153	65,930	1,086	112	7.490451316	0.675247760582538
7203.666568	67,603	1,160	108	7.971977746	0.112593366740116
7355.072291	67,588	1,120	112	8.083469264	0.111244234657437
7770.736671	65,707	1,139	38	8.571984425	0.201052750041262
7159.981153	67,602	1,149	108	7.861337804	0.109746568029652
6768.481263	65,937	1,110	94	7.534753791	0.115889042836239
6345.762581	65,948	1,023	95	7.051351488	0.00760157806488469
6413.604017	65,892	1,006	92	7.025695912	0.0284431025007899
6487.443735	65,909	1,083	97	7.145555970	0.0108692270691273
6452.211279	65,914	1,061	87	7.099580079	0.0161674876756436
6473.533259	65,911	1,015	95	7.105964967	0.0807308037283953
6556.448320	65,956	1,020	94	7.237563668	0.0991868822068772
6625.208764	65,981	1,068	95	7.306737000	0.108119296990088
6513.753128	65,953	1,049	98	7.169532208	0.12015508303369
6457.878466	65,988	1,059	110	7.151502576	0.0847778017446937
6543.757456	65,914	1,038	98	7.215908849	0.0910256611295988
6585.697962	65,956	1,092	97	7.249820150	0.0873947989234236
6507.358897	65,880	1,056	107	7.178993876	0.0748947115845633
6504.466911	65,865	1,055	99	7.155969313	0.0745508499864952
6466.753666	65,886	1,063	105	7.140756189	0.0945787979705088
6426.950898	65,897	1,022	95	7.044803783	0.0715135992814659
6424.969453	65,832	999	99	7.065037043	0.113114222718759
6390.741604	65,812	1,021	105	7.023792470	0.112919498433695
6294.990912	65,827	1,072	95	7.035661645	0.258297122897243
6631.452316	65,959	1,091	95	7.273948008	0.0964138038091481
6229.433511	65,799	980	86	6.948685940	0.199256954401753
6579.249707	65,972	1,038	96	7.224521593	0.0892073832723235
6550.262690	65,940	1,042	99	7.329861551	0.101406734481074
6401.345377	65,803	979	90	7.021007665	0.148348777711821
6726.364080	65,935	1,120	106	7.379468657	0.121032564339003
6571.388210	65,945	1,023	94	7.333549375	0.709124818764788
6724.783407	65,947	1,061	86	7.358617986	0.76727677931616
7097.764396	67,558	1,130	107	7.801007480	0.126629089349701
7135.922360	67,576	1,072	89	7.836683418	0.786125361068843
7091.444764	67,078	1,095	93	7.763886496	0.123229847642675
6481.280840	65,851	1,054	101	7.126595947	0.179045409201065
6835.418207	65,946	1,106	105	7.540858183	0.12855684763134
6723.305406	65,957	1,100	98	7.396538116	0.662139828555874
6429.353556	65,789	1,048	106	7.088399983	0.256577785961986
6447.609879	65,740	1,055	94	7.096878863	0.232390820455928
6759.702076	65,939	1,097	102	7.455548644	0.668393743522069
7237.673776	67,572	1,152	102	7.953634404	0.160390728758216
6443.783156	65,727	1,015	79	7.013424443	0.118042779276158
7152.408417	65,973	1,138	115	7.858436523	0.156921317984544
7245.674325	67,572	1,235	113	7.994715900	0.15737027136038
8670.660147	67,611	1,290	36	9.547687200	0.155979937461656
7234.783350	67,590	1,184	93	7.911315067	0.154457591718337
7078.151869	67,559	1,126	103	7.853009285	0.15299327016284
6400.035245	65,826	995	94	6.987918161	0.0166162985559533
6218.098192	65,844	982	88	6.892022335	0.0455663568607389
6412.541207	65,832	1,030	95	7.032868300	0.0513206209163874
6391.171434	65,857	1,026	88	7.005878869	0.0801368871084163
6417.780042	65,852	1,044	96	7.134095401	0.0540512800230253
6437.286531	65,868	988	95	7.113057855	0.118951260850446
6487.134026	65,976	998	85	7.111661695	0.0865982992144582
6348.134899	65,843	1,063	105	7.130651006	0.152572394616035
6307.601725	65,874	1,029	92	7.030882682	0.169974467220094
6398.627685	65,805	1,044	90	7.012001460	0.147265867424513
6441.122255	65,924	1,051	103	7.090518189	0.160646675134553
6368.959013	65,811	1,033	94	7.026021130	0.237495700254212
6244.700317	65,802	999	83	6.947732626	0.27569720000096
6418.040052	65,873	992	100	7.099777782	0.389094727878472
6405.818967	65,869	1,025	79	7.048502200	0.449314854412191
6665.898970	65,969	1,076	103	7.306916815	0.0875546906380274
6546.728161	65,969	1,063	101	7.169836459	0.689849064479466
6730.379972	65,979	1,090	92	7.394776412	0.0953010564122359
6764.762678	65,947	1,057	119	7.498430055	0.0903362146513042
6814.670105	65,984	1,059	82	7.495432801	0.797646051329096
6823.139657	65,972	1,116	94	7.465535618	0.801387716130381
6477.610959	65,971	987	91	7.091681294	0.376001293257312
6570.249105	65,963	1,069	95	7.203629618	0.338686387058096
6320.698409	65,912	1,004	81	7.087318220	0.408535259590185
6403.499592	65,918	1,011	90	7.157613743	0.305186084994604
6559.753969	65,913	1,028	97	7.204545779	0.654164014939189
6745.690647	65,914	1,094	93	7.388103591	0.768705257326457
6911.090637	68,723	1,087	83	7.720057718	0.091598998666933
6747.535919	65,945	1,036	88	7.350956670	0.72867199676571
6519.738466	65,960	1,063	94	7.272365546	0.284941973008876
6743.889534	65,964	1,074	81	7.365994889	0.724224465354241
6947.918462	65,942	1,110	88	7.623862772	0.118784787579091
6645.755143	65,941	1,044	91	7.290033328	0.528558508136815
6602.161699	65,941	1,019	94	7.234472077	0.548357112335351
6790.354112	65,964	1,075	94	7.590394190	0.145072732836614
6791.300625	65,942	1,083	93	7.482054932	0.287721698403374
7236.936938	67,590	1,147	99	7.963649041	0.124068561379338
6788.353867	65,944	1,064	96	7.564203290	0.734985137056684
7330.384696	67,581	1,151	88	8.033577077	0.775097662914088
7795.531393	65,922	1,131	51	8.575944738	0.644355306617775
7024.142425	65,918	1,069	82	7.736143286	0.602665323590517
7249.326408	67,564	1,140	95	7.954928972	0.777132467307726
6628.357122	65,849	1,043	80	7.265481347	0.0420546721582069
6510.688453	65,966	1,050	92	7.165679729	0.050523014531582
6519.265349	65,951	1,043	82	7.152979709	0.0392413254704479
6524.012931	65,930	1,090	96	7.328639718	0.0347729971084812
6577.085099	65,920	1,093	89	7.203640536	0.0317210298201496
6580.002796	65,940	1,047	93	7.236073462	0.0297236694557915
6613.711745	65,937	1,095	100	7.277513818	0.0352517681058817
6706.993467	65,954	1,059	85	7.378066961	0.0373454669608623
6738.652746	66,004	1,072	85	7.429256081	0.037206481892975
6729.680043	65,962	1,099	86	7.376690219	0.0353289684416578
6728.459260	65,973	1,094	90	7.394534419	0.0337210322784071
6747.824508	65,987	1,077	82	7.419215946	0.0307959125906209
6774.727416	65,983	1,089	96	7.460957687	0.0306345967402498
6864.358387	65,993	1,092	84	7.558955966	0.0336386180724304
6676.600583	66,024	1,137	103	7.479724183	0.675018060513517
6668.712234	65,979	1,067	94	7.341927305	0.0413875154346016
6727.768608	66,007	1,054	92	7.555424622	0.0799300666753873
6739.076186	66,002	1,114	95	7.519771797	0.083825681439072
6856.677875	65,957	1,096	93	7.558574361	0.0842998005109031
6844.708167	65,991	1,168	88	7.540834575	0.0832727821329259
6759.226333	65,979	1,085	94	7.446264992	0.0752260046316705
6839.053962	65,993	1,063	84	7.503263645	0.0739936279044646
6883.173195	65,965	1,079	96	7.574561701	0.0935616011432291
6948.598848	65,982	1,145	89	7.637046991	0.0939308436717528
7188.082189	67,605	1,155	87	7.902979538	0.0977371923449512
7163.024433	68,733	1,183	110	7.908876024	0.0968941165865033
7089.191299	67,539	1,179	99	7.953617948	0.0969138322613238
7213.683530	67,535	1,142	96	7.934037867	0.107839176140234
7145.361844	67,553	1,161	114	8.001397897	0.109484458494855
6995.129641	65,924	1,145	107	7.713866000	0.107777762675578
6792.596900	65,925	1,076	90	7.602009930	0.115912891330491
7294.255498	67,557	1,155	92	8.044658136	0.107758308637726
6918.921455	65,921	1,077	88	7.592284568	0.103805663746033
7407.600959	67,571	1,215	94	8.138388824	0.122433927991646
7237.992272	67,573	1,220	96	8.036292301	0.11661833540468
7376.323713	67,573	1,169	87	8.087894328	0.114786438142339
7317.856073	67,577	1,126	81	8.061934464	0.119507297338673
7651.431613	67,571	1,234	70	8.354385224	0.632281833588364
8038.012159	67,588	1,234	60	8.927753158	0.117622331350824
7444.018830	67,577	1,204	104	8.201748849	0.11573470074779
7409.604216	67,568	1,271	106	8.146153587	0.114672141029289
7334.368991	67,563	1,199	102	8.189193187	0.113807553394553
6481.104036	65,900	1,035	96	7.126517404	0.00650730777484718
6503.014326	65,963	1,051	96	7.175447331	0.00546810481330176
6533.277263	65,964	1,056	93	7.239901516	0.020177179295668
6451.873521	65,946	1,075	92	7.209657454	0.00462421726499976
6583.190800	65,941	1,081	110	7.297301581	0.216090590148533
6519.096449	65,921	1,053	97	7.195027911	0.0365909089902814
6530.795247	65,937	1,033	89	7.184665157	0.00916649794455077
6459.262025	65,949	1,072	82	7.201045066	0.047713242159454
6439.580692	65,908	1,041	106	7.083581698	0.305470032576403
6540.097944	66,004	1,084	98	7.194765908	0.0472539716930297
6601.751028	65,998	1,062	94	7.245213180	0.0521111579767748
6345.279974	65,957	1,015	84	7.097198313	0.00716973341340796
6469.396359	65,972	1,055	99	7.130961306	0.0257285533166235
6509.157680	65,938	1,102	96	7.181062211	0.0474602953474561
6499.604327	65,939	1,073	101	7.174557140	0.114389299321441
6577.106166	65,922	1,073	81	7.261666749	0.150260977956993
6598.708524	65,991	1,026	71	7.295371246	0.0432684943804276
6732.024779	65,975	1,093	94	7.368873507	0.0489510590316699
6447.400170	65,900	1,048	95	7.092597837	0.284698969624147
6583.111039	65,952	1,050	101	7.249424984	0.1781454566138
6718.131644	65,978	1,073	96	7.507376007	0.0940162533585604
6605.660928	65,807	1,019	78	7.259533224	0.0804011636338446
6565.609483	65,958	1,044	95	7.204458962	0.57636302486525
7154.814936	66,022	1,148	92	7.880091672	0.08989425632901
6624.409249	65,868	1,081	88	7.273509804	0.180753787886578
6924.957199	65,957	1,145	95	7.660175583	0.0847223256514949
6827.493352	65,955	1,097	98	7.510500965	0.084714397079147
6491.030531	65,865	1,103	93	7.247878618	0.140557305009377
7144.080871	67,577	1,147	114	7.842492797	0.0870989362238689
6757.922923	65,954	1,109	86	7.399021479	0.0844544520736058
7129.815675	66,041	1,121	103	7.822674749	0.0866208132336405
6878.954565	65,947	1,120	91	7.525515635	0.0843903654948904
6540.660539	65,870	1,062	83	7.160349479	0.148146357094932
6508.601070	65,863	990	92	7.176917598	0.145959890581289
6676.439307	65,974	1,058	101	7.331732145	0.0861088982251535
6449.158481	65,825	1,062	96	7.107877979	0.25447649124608
7245.410365	67,549	1,194	118	7.984874533	0.0985643982204933
6995.058543	65,817	1,113	70	7.681235318	0.209031281474682
7850.462646	67,546	1,187	89	8.621488368	0.798898787046953
7316.150140	67,557	1,147	85	7.999197998	0.123748104379859
7310.620497	67,539	1,202	101	8.134638027	0.790677701247995
7292.739168	67,569	1,162	92	8.046130659	0.120601330514427
6578.200856	65,822	1,043	94	7.236689503	0.0366152471718323
6563.136259	65,883	1,087	86	7.233922802	0.0974379500891962
6545.750302	65,848	1,078	90	7.260981755	0.0617699632873682
6534.219504	65,846	1,032	95	7.198262084	0.0811797083276406
6447.736869	65,957	1,028	93	7.239517956	0.649294009045413
6425.684393	65,866	1,053	96	7.257854429	0.163403958478384
6500.375762	65,845	1,029	105	7.178912999	0.129626076832212
6497.476542	65,824	1,054	92	7.132807303	0.186560357937699
6395.683236	65,855	1,067	84	7.177085362	0.199284005470111
6447.571330	65,832	1,030	89	7.092851697	0.200744767541775
6578.621164	65,940	1,070	102	7.277117879	0.119973313892241
6436.842775	65,824	1,038	93	7.225511058	0.269449269083391
6496.697442	65,810	1,056	95	7.111339673	0.301106389180149
6419.863599	65,831	992	80	7.032301987	0.295993061349248
6524.118048	65,966	1,023	97	7.175483243	0.662652636990049
6378.860001	65,826	1,020	98	7.018805974	0.296282545113209
6400.051297	65,889	1,026	94	7.031602729	0.362126584717826
6476.689409	65,891	1,038	91	7.145111955	0.437683649146644
6472.500845	65,861	1,063	94	7.112214517	0.367775589434554
6433.437499	65,803	1,041	93	7.063361015	0.433836417694176
6421.099498	65,952	1,033	98	7.180711326	0.236984165657644
6403.000355	65,941	1,037	95	7.120824601	0.637099717973593
6604.912491	65,954	1,049	83	7.222456116	0.294423840978751
6395.649701	65,812	1,010	95	7.016707131	0.506601003119689
6803.337148	65,994	1,068	113	7.501143700	0.719749662203865
6774.510512	65,959	1,094	88	7.434561837	0.279327762984988
6742.710184	65,941	1,122	107	7.562671907	0.113474001954366
7116.417807	67,933	1,158	90	7.764911720	0.111612490139924
6800.669713	65,936	1,084	99	7.461954423	0.135387484898469
6796.758260	65,891	1,107	91	7.471126955	0.129423591508173
6651.855793	65,899	1,064	101	7.361282725	0.549974108472653
6876.840143	65,991	1,097	99	7.551133016	0.144456231179792
6706.083508	65,980	1,013	91	7.374536089	0.556076589640512
6802.194477	65,989	1,078	95	7.465756510	0.596111628262423
6699.017668	65,974	1,078	93	7.485396244	0.588547898839766
6747.897794	65,942	1,108	97	7.492836407	0.502779213593925
6853.627992	65,946	1,045	79	7.564596809	0.610698260065311
7053.966685	65,972	1,117	92	7.772431711	0.577689470375819
7205.844432	65,963	1,152	86	7.944742243	0.630755270180529
7099.324815	65,971	1,150	92	7.788996253	0.645847262030968
6840.416668	65,972	1,127	99	7.475989560	0.611977248115745
7160.572480	67,615	1,125	97	7.823931500	0.67879285702568
6353.499390	65,980	1,026	98	7.081002298	0.0174605425058751
6428.858881	65,987	991	96	7.044442583	0.570160890209931
6439.196192	65,992	1,015	97	7.076985043	0.0379185292940927
6334.106766	66,005	1,038	81	7.061154031	0.0411533444085331
6533.840123	66,008	1,002	92	7.218968371	0.0499460132729596
6497.016721	65,980	1,054	99	7.120233715	0.0481424381241669
6497.734820	65,990	1,055	108	7.185520966	0.052488396457013
6533.751566	65,986	1,034	98	7.191597029	0.052071940328288
6452.222896	66,010	1,017	91	7.203214915	0.0456637885222915
6543.037872	65,925	1,023	90	7.169276576	0.0438466250765098
6509.790055	65,932	1,063	92	7.179743469	0.0439827974594714
6503.441767	65,957	1,021	95	7.276574111	0.622892539479283
6685.927925	65,952	1,068	96	7.355196624	0.0487505937720453
6612.564657	65,999	1,055	97	7.286418025	0.0446208897598394
6544.261848	65,999	1,004	88	7.163637670	0.0481729827370425
6594.879809	65,983	1,034	81	7.210494676	0.0737520528830055
6632.853926	65,998	1,102	95	7.276223498	0.0768876135414715
6513.919421	66,013	1,017	79	7.219439314	0.0748125477608199
6731.305493	66,015	1,062	83	7.362154100	0.0731675260446591
6707.826482	66,000	1,058	94	7.384471431	0.0734070419180391
6710.133048	65,998	1,053	95	7.373222224	0.0826466942324969
6781.837649	65,993	1,053	86	7.377134288	0.762672564682537
6715.205075	65,970	1,040	87	7.393609585	0.765823408752904
6709.307441	65,965	1,044	86	7.328255540	0.598788678117351
7026.507976	67,459	1,107	96	7.709571501	0.111995550380159
7065.960783	68,768	1,081	79	7.716692801	0.11276674304127
6664.340807	65,977	1,063	94	7.401609108	0.116747780217169
7094.173394	67,568	1,087	74	7.739469623	0.115568135746927
7202.484342	67,568	1,128	92	7.899243541	0.115080770589221
7216.295153	66,001	1,101	81	7.870594832	0.125049946171747
7151.076412	67,553	1,102	83	7.792649459	0.129315050579607
7184.037122	67,603	1,123	93	7.869792554	0.127637738009857
7186.508940	67,597	1,190	99	7.871718850	0.124839896316861
7182.581235	67,566	1,153	97	7.868622205	0.127836338109376
7163.124454	67,574	1,140	87	7.822169420	0.126392196865501
7208.572673	67,575	1,149	109	7.890646491	0.501091101602878
7650.180223	67,579	1,142	63	8.382560759	0.120965949738342
7337.604008	67,563	1,093	98	8.114815178	0.660251841389344
7648.289326	67,559	1,172	73	8.491893412	0.120233996595807
7233.441453	67,563	1,163	86	7.901513386	0.124936443115219
7303.614795	67,563	1,190	92	8.033774738	0.549986128402371
7309.759839	67,554	1,141	112	8.065262582	0.234174976969724
6475.352125	65,834	1,054	96	7.126434694	0.0502065533291639
6423.943927	65,863	1,009	95	7.036216382	0.00986668273444983
6453.420709	65,941	1,022	89	7.219101278	0.0707142692049865
6462.512954	65,901	1,022	98	7.119974522	0.0668528884915575
6475.337413	65,896	1,045	99	7.120295540	0.0259916406466155
6441.562396	65,835	1,005	88	7.049667538	0.0341274475666578
6416.727925	65,813	1,050	91	7.135685675	0.0733524899209205
6574.684515	65,922	1,060	101	7.216626790	0.0787321486472411
6377.667082	65,842	1,000	84	7.083526646	0.0449108463846317
6622.563279	65,948	1,034	81	7.244188084	0.674134437829849
6451.571269	65,837	981	90	7.051894365	0.035056687703065
6637.795424	65,954	1,024	76	7.254285885	0.0431577180809393
6543.748889	65,826	1,037	88	7.190821705	0.0210122591091919
6710.053121	65,965	1,020	86	7.368092053	0.837467903410162
6481.835212	65,823	1,004	90	7.114626504	0.0701886597011861
6495.472758	65,974	1,047	96	7.232396481	0.0345896791017444
6689.413466	65,984	1,074	101	7.372478305	0.842684947161518
6709.366703	65,994	1,086	106	7.394132397	0.0390076282789252
6840.964606	65,961	1,086	89	7.490006234	0.0487775405788551
6610.449027	65,809	1,055	101	7.286411597	0.266703353537782
6847.080932	65,913	1,095	92	7.536884121	0.0381151817373433
6766.885254	65,998	1,089	104	7.614169400	0.0420270243874686
6546.694778	65,862	1,055	96	7.249053105	0.179822467831195
6958.692863	65,945	1,127	92	7.634600992	0.0551846758156216
6582.401211	65,858	1,040	89	7.243626425	0.21786109819947
6635.725958	65,885	1,067	90	7.321370567	0.145232127976449
6591.016112	65,887	1,062	88	7.262111432	0.26719894775751
6550.559594	65,835	1,093	97	7.232958661	0.0931391373190173
6490.895383	65,865	999	88	7.103774494	0.143238417199163
6477.355271	65,841	1,073	99	7.153285079	0.25160697597387
6747.134148	65,922	1,122	103	7.531429653	0.780554682099231
6627.733048	65,910	1,018	90	7.296962643	0.0925291906809252
7257.330656	67,558	1,170	96	7.999934212	0.858501446722094
6419.319589	65,726	1,042	88	7.151222140	0.166565953535614
6937.554548	65,907	1,081	92	7.614515517	0.820559786819322
6763.366603	65,745	1,052	74	7.445869455	0.246217533779029
6633.586948	65,740	1,015	67	7.250075328	0.435184541430105
7340.315291	67,578	1,170	83	8.068323452	0.112492649506809
6850.589201	65,657	1,072	70	7.687376833	0.342217578585674
6563.262055	65,677	991	84	7.285740499	0.180715550105683
6424.602764	65,679	1,016	89	7.031981900	0.317317608897059
6736.409506	65,947	1,058	89	7.392523124	0.688983489113257
6472.646934	65,961	1,008	98	7.148185635	0.0108658024945608
6474.073703	65,961	1,078	93	7.218013867	0.0580341064241256
6460.962452	65,941	1,028	74	7.094858844	0.0172404706870771
6412.117552	65,937	1,008	89	7.053759363	0.0159330195810074
6456.663427	65,930	1,008	91	7.104709482	0.115818420629108
6422.627855	65,917	1,035	92	7.065535339	0.0613262188429327
6460.896823	65,946	1,007	95	7.061396739	0.0557386801889602
6364.059192	65,911	982	99	6.960319658	0.362332288170949
6507.664426	65,922	1,031	77	7.138792657	0.167883688269517
6636.060619	65,958	1,103	86	7.327667189	0.473736787861817
6658.425634	65,957	1,076	87	7.338650199	0.287086956828288
6746.846961	65,972	1,097	86	7.423154873	0.144815402553442
6819.266290	65,981	1,054	67	7.478845163	0.150689065407343
6886.234413	66,012	1,089	86	7.593867147	0.140775955993692
6905.345279	66,023	1,094	83	7.616853476	0.141464052912857
6856.770396	66,003	1,093	69	7.635059743	0.137639685852693
6609.636022	66,005	1,052	71	7.371586717	0.148485410168622
6661.443111	65,989	1,061	67	7.425740983	0.185372389723432
6995.257856	65,964	1,119	77	7.695136189	0.133911737427121
6749.847760	65,946	1,095	79	7.428345802	0.255575032494731
6615.297765	65,974	1,040	71	7.395551138	0.140565311878359
6770.334985	65,991	1,082	79	7.487090059	0.169092962667093
7053.841352	65,996	1,111	78	7.747452601	0.139662871927233
7077.380846	65,964	1,101	81	7.785299812	0.137714784568684
7441.834036	66,043	1,120	70	8.133320009	0.139268423283025
7094.877779	65,926	1,126	78	7.800490701	0.142844649706008
7379.955981	67,523	1,171	77	8.089278200	0.142592146703438
6739.591526	65,830	1,036	88	7.444551936	0.191672058042457
7400.498131	68,737	1,154	80	8.063045302	0.140371792751881
6645.257734	65,885	1,060	94	7.369128308	0.327859089762473
6621.449154	65,876	1,124	82	7.386339455	0.15806502541343
6630.003474	65,883	1,044	71	7.270699427	0.21679706165777
6665.039575	65,873	1,061	92	7.369001870	0.162880048922588
6620.227066	65,890	1,067	84	7.281068019	0.253378508104644
7613.613714	67,598	1,222	86	8.387837835	0.13616263311274
7222.291999	65,961	1,047	62	7.927921159	0.140075394390661
6695.660341	65,959	1,091	81	7.358529749	0.295380762672386
7356.204388	65,973	1,142	64	8.056825514	0.138019359449079
7530.574017	65,967	1,112	60	8.276900181	0.131904946455538
6731.750120	65,938	1,067	87	7.429956925	0.166170355126634
7553.659348	67,576	1,184	75	8.276044285	0.130848017739864
7620.939597	67,568	1,194	83	8.346008456	0.131077424051172
6702.939704	65,936	1,035	87	7.409768412	0.216392756357074
6722.892059	65,927	1,087	80	7.438748947	0.00417120662318342
6582.561792	65,936	1,078	86	7.396357667	0.00392692953566214
6652.611025	65,925	1,054	82	7.336229411	0.0169478483183361
6673.726480	65,926	1,095	102	7.382662833	0.0161995388838294
6620.835852	65,953	1,047	79	7.361739480	0.667661821820988
6628.321638	65,945	1,080	99	7.318839411	0.0519492219742945
6739.431306	65,960	1,071	96	7.435213852	0.0644258281402703
6701.241215	65,991	1,108	98	7.432648979	0.0582915436384519
6761.326248	65,965	1,085	92	7.416232324	0.0490915003050809
6629.943227	65,866	1,080	97	7.344663731	0.122829836254779
6675.573860	65,838	1,050	88	7.348003249	0.114541299804905
6669.335285	65,842	1,089	106	7.371534850	0.107775859631611
6778.423373	65,994	1,119	100	7.483960322	0.112656603590558
6700.865609	65,850	1,024	71	7.322539750	0.126069496911204
6711.633782	65,981	1,100	88	7.401408980	0.104440034419167
6806.565296	66,002	1,105	81	7.471634607	0.10461434624708
6942.326623	65,978	1,171	106	7.670301578	0.106741514805952
6639.420810	65,806	1,052	92	7.284277320	0.104328300189984
6650.506619	65,816	1,045	93	7.346332977	0.121932129150504
6632.587454	65,814	1,072	106	7.352017152	0.388528851846227
6620.227555	65,935	1,082	99	7.314617611	0.592809609394107
6664.786939	65,831	1,045	91	7.315772558	0.101649119557793
6637.276068	65,801	1,084	101	7.336146452	0.223702532655221
6654.193928	65,821	1,077	98	7.333359694	0.126496801621403
6725.557768	65,997	1,078	107	7.422048102	0.105420317967025
6533.824380	65,848	1,048	98	7.192495537	0.178090723732499
6921.087626	65,991	1,102	104	7.624470702	0.0942167216263054
7255.820529	67,602	1,179	116	7.992655765	0.832659494546632
6600.572170	65,805	1,081	95	7.292893785	0.118628551891799
6594.556420	65,782	1,100	98	7.282400505	0.176337822102619
6577.243798	65,764	1,033	82	7.224044817	0.351002049137295
6824.994869	65,931	1,149	98	7.608966581	0.0904772838522746
6951.484380	65,920	1,144	98	7.633932145	0.0894604171082685
6913.984085	65,743	1,080	81	7.590028470	0.179316413496016
7031.149755	65,969	1,119	88	7.708257551	0.0878355886940917
7247.856432	67,617	1,188	93	8.057073317	0.0883112916977932
7009.349386	65,739	1,087	71	7.670944586	0.0814469240657248
7457.858171	66,135	1,141	88	8.172228209	0.0863501166804238
7402.503024	67,570	1,219	107	8.155702477	0.0868138671583882
6400.662293	65,679	1,064	101	7.195419669	0.289937145501886
7333.605584	67,592	1,225	111	8.076108818	0.0850640223402918
6570.896479	65,853	1,084	95	7.248559819	0.0301101913644075
6536.112111	65,855	1,117	100	7.177379307	0.0171539137641384
6575.921383	65,847	1,059	93	7.253569811	0.0137666529280283
6546.365438	65,923	1,043	94	7.219817671	0.0233779942963535
6622.605051	65,933	1,041	99	7.313272272	0.677902413199928
6414.070157	65,828	1,072	91	7.187736081	0.0381426265478655
6531.619710	65,814	1,054	98	7.211661742	0.0174050460247723
6596.453833	65,807	1,056	115	7.315496526	0.0212562330874913
6598.194663	65,933	1,069	113	7.268391822	0.0333834279471305
6623.918054	65,947	1,075	88	7.258951272	0.0339403241124654
6686.680377	65,948	1,089	90	7.352318056	0.0283677663039052
6507.830298	65,853	1,043	106	7.172397912	0.096031123761625
6399.971431	65,851	1,005	102	7.150408086	0.12750347035298
6713.623941	65,992	1,067	110	7.414109936	0.0429408601457486
6519.741665	65,996	1,017	95	7.159431840	0.049537566554387
6683.871798	65,995	1,041	97	7.355308137	0.0591829934959474
6528.778450	65,964	1,091	109	7.223248354	0.533489545625371
6776.819040	65,980	1,080	100	7.449552999	0.0665940391474922
6597.610991	65,948	1,023	79	7.357128304	0.0708992335415338
6755.655379	65,943	1,035	89	7.400882378	0.0855275819292404
6819.684313	65,943	1,097	96	7.510663672	0.750794639659165
6584.148343	65,947	1,020	93	7.199342738	0.0840212898743106
6835.015270	65,959	1,072	86	7.522132298	0.730798581370773
7153.575683	66,035	1,137	105	7.837620510	0.137382394960822
6844.172594	65,977	1,057	95	7.524940994	0.13926798607678
6692.506781	66,009	1,035	92	7.330685694	0.605106000570118
7160.449242	67,604	1,124	110	7.926087713	0.142126379362287
7149.179609	67,594	1,151	98	7.837896916	0.147656749771257
7192.610426	67,602	1,136	103	7.898682448	0.145765483944252
6595.460083	65,961	1,091	98	7.281059569	0.128741034074945
6869.654577	65,959	1,054	102	7.529135199	0.703512021733857
7243.123594	66,349	1,143	92	7.912274018	0.141704117288295
7230.393943	67,569	1,122	98	7.901055222	0.140662390778778
6856.891466	65,961	1,072	103	7.557803563	0.488859470561414
6692.577443	65,955	1,045	98	7.333491580	0.119519809611881
6759.605303	65,984	1,092	92	7.388629820	0.119811825098883
7443.904535	67,627	1,173	88	8.171145563	0.138677372849282
7255.305913	65,971	1,143	97	8.029789163	0.124186963065493
7311.422909	67,605	1,163	112	8.053867587	0.135332908689445
6784.369258	66,021	1,066	93	7.451956266	0.48631778317952
7130.245348	67,629	1,140	103	7.971776013	0.118866657771094
7421.576584	67,635	1,180	106	8.200727577	0.12146796864359
6624.693316	65,988	1,075	105	7.312524054	0.0245513789305377
6545.189308	66,003	1,087	117	7.277785119	0.0645103124454259
6650.766174	66,006	1,121	100	7.350569792	0.0574253499174033
6607.161686	65,988	1,043	102	7.277825448	0.0817509901288704
6465.117459	65,996	1,042	82	7.259251599	0.0742487801298759
6622.782168	65,898	1,074	86	7.289379735	0.0673078070247785
6702.186446	65,902	1,080	117	7.393279559	0.0959225720469455
6530.857420	65,965	1,030	92	7.171990628	0.0668798968380832
6555.644499	65,985	1,018	104	7.217823815	0.0850662616208582
6447.372637	66,001	1,038	94	7.256246435	0.0961248616808931
6617.210645	65,991	1,044	97	7.300232661	0.106168493047667
6684.217507	65,985	1,104	102	7.370611418	0.125130538472651
6460.791323	66,010	994	91	7.111240118	0.114881786670022
6567.578919	65,972	1,091	105	7.284851505	0.11494362617538
6677.105523	65,986	1,128	99	7.354049324	0.109931827894396
6695.769968	65,987	1,090	107	7.361492519	0.109478292903519
6544.047144	65,996	1,009	96	7.195039406	0.308006640674882
6425.994018	66,001	1,027	100	7.072189215	0.0914683867886144
6546.471953	65,968	1,045	112	7.242814118	0.192136329166293
6766.322548	65,938	1,056	94	7.420294406	0.106494175796897
6865.029342	65,943	1,092	98	7.563430964	0.110321259229618
6490.841329	65,917	1,042	94	7.272258298	0.160473527777626
6603.725628	65,896	1,073	91	7.266067308	0.229468840834019
6529.903040	65,955	1,038	90	7.183673537	0.327368137639568
6573.100582	65,978	1,077	100	7.262427267	0.162563339985173
6639.894549	65,950	1,028	78	7.273838716	0.165080026680631
6906.053978	65,946	1,112	105	7.615035528	0.144385420962911
7177.383823	67,557	1,180	108	7.894502729	0.142455409156877
7206.357162	68,575	1,173	114	7.943654510	0.13974917259082
6594.839553	65,934	1,043	93	7.254213386	0.119058676949724
6503.279863	65,916	1,072	106	7.161505933	0.117332551389252
6510.502226	65,918	1,017	96	7.143933481	0.430081973196038
7241.248561	65,925	1,099	93	8.003651005	0.132289867625966
7274.463691	67,618	1,166	109	7.987974765	0.131524011428556
6901.158424	65,968	1,123	96	7.589784170	0.127918362618185
7299.285081	67,567	1,180	109	8.028881517	0.128690032493836
6800.978342	65,929	1,074	102	7.544608340	0.113591943485181
7555.983164	67,571	1,174	94	8.302014382	0.124759565774315
6513.232781	65,900	1,054	101	7.173427100	0.204643454384534
6580.533718	65,914	1,073	111	7.269759957	0.275858267202411
7362.209770	67,569	1,160	89	8.051224171	0.127352813881885
7460.087391	67,538	1,126	92	8.192878097	0.126756426811323
6449.167928	65,902	1,086	87	7.230770249	0.00571755179985211
6455.890830	65,923	1,023	77	7.161690804	0.0499069593421431
6536.220457	65,889	1,064	113	7.207117456	0.0324368167554203
6637.676274	65,988	1,068	100	7.340236766	0.0257349120701926
6511.460621	65,948	1,008	89	7.129689044	0.0801336926649188
6510.642193	65,897	1,014	87	7.135996915	0.06648191192789
6502.382697	65,917	1,031	94	7.131228777	0.0202472374518404
6504.906941	65,980	1,057	102	7.147322887	0.0187330001487031
6533.529179	66,003	1,054	101	7.215878131	0.0234240451855747
6654.364486	65,957	1,029	88	7.297534919	0.046097075979923
6620.897524	65,940	1,050	99	7.267856261	0.0489292501796194
6695.250556	65,958	1,094	99	7.390013002	0.0490482623346383
6778.746123	65,980	1,126	101	7.476409110	0.0585527764336999
6916.369246	66,034	1,134	82	7.591302726	0.0602508658467109
6701.588016	66,037	1,110	89	7.402182226	0.049500644529238
6783.414533	66,033	1,026	88	7.407059335	0.0571882850105806
6872.772998	66,000	1,113	105	7.590046991	0.055732717912494
6678.160816	66,023	1,022	86	7.325361789	0.0603475479861346
6860.808205	66,029	1,095	91	7.662977674	0.0571121106468581
6955.787739	66,016	1,082	85	7.655128798	0.0863968560454168
6674.163799	66,006	1,081	86	7.367323911	0.103202685796478
7006.148394	65,976	1,037	84	7.701914317	0.132362618303895
6704.732941	65,959	1,030	97	7.386186245	0.589868480114175
6510.556061	65,839	1,051	89	7.154070582	0.188034569264985
6841.959475	65,954	1,091	92	7.512274126	0.138436817567604
6912.106440	65,968	1,111	108	7.635247028	0.72528431301222
6664.617289	65,865	1,076	101	7.355091928	0.124777200241729
7279.438424	68,771	1,134	113	8.063205225	0.132355313307372
6671.510080	65,968	1,038	100	7.383249290	0.105700938161397
6599.693232	65,959	1,046	106	7.419890697	0.111854778356937
6599.535787	65,892	1,056	103	7.314942875	0.386454168512038
7333.445230	65,955	1,073	63	8.045320103	0.125086228264459
6847.934657	65,959	1,030	105	7.544266191	0.115115731561766
7309.694404	67,602	1,142	96	8.031373162	0.121023350507417
7270.381287	67,591	1,166	106	7.999454315	0.109249024555847
6915.552140	65,972	1,094	86	7.644599626	0.611530611020527
6931.652750	65,977	981	61	7.565677488	0.396958916015612
7368.902728	67,581	1,167	108	8.106704192	0.108363946429789
7285.887888	67,583	1,135	96	7.988914022	0.107546730880811
7380.228253	67,599	1,106	106	8.187805060	0.109697949289085
6658.737614	65,932	994	84	7.340428449	0.260141885836868
7393.162273	67,612	1,142	100	8.121644774	0.105245389122303
6561.187770	65,885	995	97	7.214549191	0.00670633068116542
6619.420680	65,896	1,034	93	7.311134044	0.0282915436265362
6595.576075	65,877	1,002	82	7.251850920	0.014959698600117
6603.152052	65,870	1,037	87	7.297966292	0.0259622970130562
6554.451780	65,934	1,068	85	7.213929720	0.0378564969510604
6636.196513	65,938	1,060	114	7.344086165	0.0612252959908562
6638.861613	65,946	1,001	90	7.303629299	0.0655073304018029
6596.277389	65,967	1,053	83	7.244006624	0.0492547503190193
6597.596839	66,011	1,120	101	7.295791743	0.0423583807675089
6646.186954	65,953	1,045	89	7.313145559	0.0534267298007592
6606.108666	65,972	1,080	107	7.435607937	0.0538633967912861
6697.613336	65,941	1,039	96	7.338284073	0.0533990052416448
6763.888574	65,972	1,049	103	7.440379980	0.0503513130060665
6715.423424	65,975	1,052	97	7.392315078	0.0726610297198723
6623.113468	65,933	1,058	94	7.279664940	0.270245829740403
6776.853673	65,980	1,095	97	7.467803139	0.0573533081155425
6799.106095	65,974	1,091	91	7.533112136	0.753391034305332
6918.072274	65,978	1,076	102	7.621335711	0.0572135271043875
6767.911682	65,936	1,093	102	7.456754638	0.695098562951555
6779.277145	65,937	1,100	117	7.510950285	0.0475338485979592
6787.523569	65,947	1,071	98	7.470924544	0.0531175917288251
6686.893294	65,951	1,063	92	7.315044932	0.0667905079699942
6793.053689	65,942	1,082	101	7.444887028	0.765032229983022
6719.232503	65,988	1,127	103	7.521541157	0.0830408164750942
7253.950043	67,583	1,081	88	7.991216262	0.0890423034956496
6713.434730	65,972	1,037	88	7.390484608	0.21889290694915
7288.613239	67,580	1,163	108	8.060159267	0.0859973046075342
7281.849627	68,803	1,151	96	8.010814445	0.0900267610399161
7284.391953	67,579	1,169	112	8.061948387	0.0867975705663571
6896.598911	65,951	1,131	105	7.691318894	0.635673893502435
7074.156190	65,929	1,087	67	7.760353745	0.199676237950735
7267.600985	67,628	1,188	109	7.973423427	0.0883760681151572
7182.333144	67,624	1,152	112	8.042161620	0.08726261659899
6682.595879	65,984	1,100	103	7.490836761	0.0805207586928904
7324.307829	67,628	1,102	96	8.023103844	0.0866437299019987
7671.379891	67,625	1,107	61	8.521232698	0.0876636225856752
7416.222475	67,630	1,183	100	8.163098912	0.752519950989633
6815.312973	65,987	1,130	96	7.490448807	0.366287582810138
7430.232260	67,625	1,116	93	8.149521094	0.0892808549467421
7416.250374	67,580	1,165	93	8.159748981	0.715267093753916
7370.434683	67,572	1,115	90	8.154806387	0.10115388198161
7284.331903	67,583	1,150	89	7.987138994	0.106755494078065
6433.074939	65,846	1,006	93	7.162784651	0.0225562396713783
6509.958037	66,006	982	94	7.156607249	0.0698238237669213
6492.513287	65,861	997	81	7.148041969	0.0526085685385426
6420.168413	65,861	964	85	7.055933143	0.0726934323370167
6550.171847	65,854	1,031	102	7.229676930	0.232163656900171
6524.179953	65,830	1,011	86	7.185307777	0.143991535827538
6640.663492	65,927	1,058	93	7.313673096	0.066582495687889
6580.681791	65,834	1,096	101	7.250215842	0.142729215501017
6517.874055	65,857	1,018	90	7.171609360	0.200438735635425
6478.390459	65,819	1,025	100	7.125360683	0.185149216193812
6415.389117	65,844	1,019	88	7.150435233	0.269897898213236
6388.766548	65,822	997	91	7.165660608	0.2804867388286
6720.981201	65,981	1,080	110	7.414752073	0.062740743103222
6494.866625	65,852	996	88	7.122537656	0.31154482514539
6425.558840	65,839	999	100	7.161226114	0.402219887792648
6497.301482	65,817	1,000	97	7.174983607	0.40513862786138
6503.930184	65,800	1,017	90	7.157951047	0.34821529029631
6514.574538	66,001	1,011	94	7.180302620	0.573733660378202
6525.306475	65,808	983	91	7.185341170	0.495939682665336
6663.311614	65,921	1,042	77	7.386599047	0.704651902172531
6531.490272	65,801	1,024	105	7.192498667	0.494858106919255
6506.541293	65,949	1,015	87	7.115168753	0.373609832254286
6521.919721	65,948	1,055	104	7.322197822	0.600041485992299
6822.191776	65,941	1,096	120	7.555343245	0.680797059580071
6494.983745	65,812	1,004	96	7.174707153	0.47263849492917
6648.853835	65,933	1,035	104	7.294148062	0.59885432643185
6805.035296	65,932	1,041	91	7.522121346	0.143894502518464
6747.486484	65,961	1,074	92	7.406851034	0.640310476361011
7048.538035	68,763	1,091	112	7.907589263	0.75384155838999
7010.765261	65,964	1,013	76	7.659071777	0.57595695411522
6874.968815	65,949	1,015	90	7.549453178	0.733298861835872
6858.929143	65,976	1,005	82	7.509565083	0.746238082175836
7230.751851	67,612	1,062	96	7.907814982	0.752195515513839
6764.134666	65,979	1,112	98	7.392325448	0.532522697121847
6820.216560	65,995	968	77	7.481073304	0.583205972448136
7123.039637	65,973	1,081	81	7.821630654	0.624502213399358
7241.341465	67,610	1,126	102	7.955311202	0.747858400216358
6765.208874	65,952	1,023	98	7.457578899	0.621537485695928
7251.381447	67,586	1,095	109	7.982058942	0.747427148872364
7102.824204	67,541	1,119	95	7.929220032	0.731792169373299
7236.074992	67,536	1,107	97	7.932481267	0.115675577004605
6823.742411	65,882	1,044	98	7.515198108	0.647657049820686
6525.984812	65,802	968	86	7.186471766	0.00575962138942713
6424.130165	65,843	949	70	7.112214752	0.00430031008783326
6473.685031	65,832	979	90	7.115685707	0.0823957915043179
6470.487614	65,850	1,004	72	7.064672870	0.0070043848290778
6555.913934	65,957	987	89	7.229935587	0.0980408145842521
6374.694504	65,835	979	76	7.042073435	0.185895596270926
6524.965474	65,827	1,008	89	7.151530847	0.11430710021408
6465.929909	65,809	987	85	7.051347960	0.0522804884425642
6502.327273	65,838	1,048	88	7.125927699	0.0324139578146573
6506.420096	65,843	1,025	91	7.131561742	0.0404805094277396
6499.864417	65,856	1,004	86	7.159775222	0.0234930749101493
6519.065474	65,821	1,028	98	7.195508792	0.0239561847197869
6497.728838	65,824	982	85	7.124904707	0.0637979168344429
6494.383697	65,849	994	90	7.184060724	0.0217414929713852
6488.996206	65,866	1,005	88	7.151948377	0.0641561829417784
6561.332458	65,976	1,033	90	7.245811904	0.0682396271054792
6791.565801	65,982	1,075	89	7.467293828	0.0978376604016718
6827.654374	66,028	1,068	102	7.511594313	0.101422003980979
6824.271880	65,992	1,066	108	7.525214054	0.104853849706978
6468.751266	65,854	1,025	103	7.127795673	0.0521488036949427
6749.876342	65,986	1,053	106	7.414337435	0.101022018466604
6602.101754	65,827	1,066	105	7.273787443	0.0659744265999675
6945.462954	65,946	1,051	94	7.677848125	0.118647919525649
6547.411969	65,808	1,037	92	7.229842664	0.0660716699691261
6544.347520	65,846	1,023	93	7.198896416	0.0842574725726242
6939.684040	65,958	1,091	88	7.643647176	0.112842631007694
6739.071481	65,926	1,017	96	7.407280172	0.657184217903862
7010.405972	67,600	1,097	103	7.861009922	0.119887123800887
6503.603666	65,868	1,014	102	7.179814105	0.430647138517778
6692.454273	65,810	1,049	89	7.496413111	0.347050576727989
7014.016816	65,928	1,150	111	7.765137289	0.806905839759606
6588.547098	65,767	1,032	94	7.279605745	0.364713242344946
6582.582285	65,743	1,019	87	7.247514341	0.213793059104713
6818.031142	65,950	1,092	81	7.600286230	0.109818031489986
7658.121415	67,580	1,141	93	8.426867933	0.130791514847109
7899.745080	67,525	1,164	59	8.610351258	0.141235523003266
7408.337220	67,532	1,203	88	8.137771661	0.134024114338931
6857.520937	65,915	1,104	95	7.591257279	0.621190809380849
6597.851514	65,695	1,054	92	7.263042303	0.094340274448432
6472.283606	65,674	1,067	95	7.145999521	0.327850910798661
6562.494969	65,681	1,006	87	7.213606506	0.435076934120322
6618.870099	65,657	978	73	7.252979553	0.104246954181846
6507.303439	65,867	1,042	92	7.254731454	0.151338735069251
6578.299061	65,943	1,029	86	7.229214021	0.314148191225752
6597.489236	66,007	973	96	7.307286454	0.109398276682825
6651.367381	65,970	1,033	87	7.324445523	0.103293618028243
6704.750978	65,966	1,083	93	7.401195141	0.101145344144463
6742.102210	65,914	1,015	85	7.411243719	0.0972184956617144
6614.605796	65,926	1,036	81	7.290034826	0.0946487464130457
6771.824210	65,939	1,037	84	7.427457082	0.0949065348275465
6732.497413	65,986	1,081	82	7.406196943	0.0907507166453508
6794.865176	65,972	1,079	98	7.511727469	0.0863456037710457
6816.284903	65,955	969	70	7.469297849	0.0824914823600541
6780.240305	65,958	1,049	81	7.495599622	0.0821928675360825
6849.416631	65,967	1,054	94	7.552621105	0.0805770337840079
6808.304093	66,000	1,033	77	7.594542460	0.0793958126546339
6955.544046	66,020	1,064	92	7.658329905	0.0773407263767638
6906.119929	66,027	1,060	84	7.591883434	0.0763079150183575
6847.668525	66,019	1,083	103	7.580172763	0.0739929728660183
6939.066799	66,001	1,093	72	7.611399022	0.0723110257391252
6981.984591	65,962	1,070	83	7.656517668	0.0839352166503302
6979.794126	65,979	1,089	96	7.689731924	0.0846842140164429
6829.663153	65,960	1,090	96	7.625130798	0.084818277686959
6830.389728	65,920	1,071	104	7.516657082	0.0828838142134045
6757.900341	65,949	1,104	98	7.478848715	0.579904057482795
6806.123950	65,944	1,054	92	7.595448309	0.0902658197209087
7235.873170	66,032	1,134	89	7.935567974	0.0893989587344986
7164.433876	68,627	1,033	95	7.860288519	0.0899870827096292
7160.658766	67,562	1,094	96	7.827424055	0.0907806343479148
7315.620839	67,551	1,159	91	8.033047155	0.0910681835879551
7414.016822	68,780	1,142	95	8.191605869	0.0904140975309737
6944.370253	65,928	1,084	95	7.583147971	0.0893840280221921
6958.604618	65,941	1,065	93	7.626589354	0.0881816266630719
7324.145719	67,150	1,158	96	8.055284713	0.089210419105739
7297.574529	67,560	1,104	98	8.009628470	0.0901040162474941
7595.473121	67,589	1,101	84	8.331753064	0.091292143640166
7841.890639	67,595	1,149	59	8.560386054	0.0914531265182336
7286.361989	67,592	1,109	98	8.026596629	0.0918251884482838
7439.149103	67,595	1,156	97	8.154962637	0.093616719216857
7356.856315	67,555	1,168	94	8.084416929	0.507859909862648
7516.812794	67,564	1,159	100	8.287327251	0.0926593037820133
7373.769663	67,574	1,149	93	8.082545683	0.096938684815846
7345.150328	67,558	1,168	97	8.119495742	0.0990763576351607
7399.206346	67,551	1,072	91	8.136865329	0.100258279901817
6522.094734	65,811	998	97	7.211124554	0.0171869869971918
6586.700473	65,935	1,028	94	7.223568025	0.0578724278271891
6604.844122	65,828	1,037	98	7.274099006	0.0208719700872856
6627.338800	65,882	1,048	91	7.285824286	0.0500894413242091
6671.491254	65,982	1,069	93	7.343380459	0.0507735330743191
6675.866502	65,940	1,017	90	7.367075915	0.0510508279037096
6596.998022	65,931	998	91	7.272608215	0.704970286350938
6545.083865	65,894	1,058	85	7.272281218	0.0504000628722597
6465.361702	65,801	1,069	110	7.282763108	0.101858902741511
6506.896033	65,795	962	99	7.148624316	0.0280728486050214
6539.188689	65,814	1,018	88	7.182233886	0.0370364443936169
6556.832685	65,786	1,002	74	7.180254961	0.0253172579624605
6689.247589	65,918	1,055	100	7.369854431	0.0485498167493794
6714.294863	65,914	1,067	107	7.443492694	0.046511472768899
6753.413059	65,928	1,017	91	7.425479418	0.0420605725481977
6787.580842	65,984	1,047	85	7.444855627	0.0444547294600743
6865.006110	66,010	1,079	98	7.596987520	0.74115465432383
6819.881444	65,988	1,030	94	7.533695644	0.743704863151921
6662.266505	65,984	1,081	102	7.363253199	0.0679113775458633
6555.101185	65,828	973	81	7.227998777	0.0602437306304236
6858.783251	65,958	1,062	92	7.534731511	0.0844073074948347
6842.498093	65,986	1,025	94	7.548334184	0.0882511392551436
6844.253563	65,994	1,073	100	7.581102148	0.0873178618559305
6805.045568	65,990	1,002	81	7.435787030	0.749054850440466
6865.608047	66,003	1,047	87	7.525287441	0.0845661926154791
6596.702896	65,796	1,006	87	7.281598752	0.251887976787534
6917.944660	65,800	1,061	67	7.603930510	0.0812806764211312
6482.586878	65,828	1,007	94	7.168444830	0.27303744305819
6520.286916	65,836	985	85	7.203937875	0.0942679615672926
7003.851185	65,925	1,098	102	7.761649067	0.750867923709768
6513.825973	65,751	1,035	93	7.203210928	0.102982873316527
6468.464457	65,930	1,039	98	7.270442809	0.522836653584929
6742.325623	65,924	1,030	85	7.560697400	0.0990117820545559
7320.876731	65,974	1,084	64	8.047101714	0.103991614815684
6544.865528	65,759	981	81	7.213506927	0.338240592460405
7427.775939	67,588	1,201	98	8.202250038	0.120035925423934
7419.183483	67,601	1,113	82	8.121776203	0.120805991874875
6549.104025	65,719	1,053	101	7.221455049	0.101391343938211
6653.962106	65,705	1,055	85	7.351416212	0.127043913409049
6870.211164	65,926	1,058	92	7.572905779	0.600439282247259
6635.289266	65,671	1,021	82	7.304963336	0.153183125233739
6927.723506	65,922	1,104	103	7.658809045	0.605389973944507
6574.665946	65,852	1,029	95	7.272649554	0.00863782316036919
6693.348292	65,945	1,089	98	7.412063754	0.0785367265498199
6591.239754	65,903	1,069	97	7.290143069	0.0244943534052573
6708.504989	65,947	1,061	98	7.391560524	0.0563899544707508
6728.435583	65,876	1,025	80	7.402693622	0.0353886214820765
6659.346834	65,883	1,088	107	7.378877971	0.0330135351112859
6670.990340	65,877	1,047	98	7.378527486	0.0453959176648931
6636.937393	65,865	1,035	87	7.320025502	0.0212898341941166
6758.564210	65,962	1,044	79	7.423075821	0.0854417152418592
6619.802655	65,871	1,050	93	7.301053493	0.368735401931981
6704.965026	65,969	1,088	100	7.389754337	0.0992059471121755
6646.961381	65,910	1,065	91	7.331543700	0.045697095847187
6911.628315	65,972	1,126	97	7.630448946	0.105064607598799
6707.539925	65,984	1,065	86	7.393424714	0.0598533877091048
6677.436204	65,987	1,039	98	7.353198091	0.0583815516374338
6570.880568	65,933	1,065	99	7.190348188	0.230022552383094
6519.818903	65,923	1,017	90	7.149146055	0.218179169278128
6442.519882	65,954	1,036	91	7.226120595	0.166720319585774
6878.367640	65,980	1,095	103	7.578343693	0.09599936417096
6756.042593	65,982	1,057	88	7.548946081	0.0999937091239396
6684.652855	65,959	1,074	89	7.345939574	0.116557832055088
7357.461902	66,007	1,124	86	8.077514925	0.815359232567992
6944.426569	65,953	1,100	83	7.605065396	0.110917935188604
6975.602306	65,901	1,041	87	7.678752073	0.775865575457552
6884.045313	65,924	1,108	97	7.695658045	0.107829685961169
7467.453489	65,967	1,103	64	8.166289463	0.116031964202937
7161.716881	66,041	1,133	96	8.002817679	0.115121194760894
6872.937221	65,982	1,107	90	7.546144644	0.11484858217776
7305.639421	68,758	1,123	115	8.085498644	0.113485830172624
6719.657905	65,968	1,028	82	7.372992662	0.18614007406486
7132.608807	65,986	1,089	79	7.800100991	0.113253075650027
7062.212096	65,949	1,086	111	7.833498352	0.786079475655278
7332.984196	65,944	1,082	79	8.070237105	0.108161363093074
7087.876560	65,948	1,114	96	7.785651599	0.109122734719825
7240.284789	67,568	1,122	113	7.971905628	0.109007483328858
7297.471158	67,566	1,175	107	8.049098077	0.10947291659781
6972.936050	65,938	1,091	103	7.654940911	0.10500949189113
7364.242684	67,568	1,168	106	8.099145742	0.107104862658769
7314.601810	67,577	1,146	98	8.035274746	0.105732810642169
7322.753318	67,624	1,103	89	8.032563184	0.122019850688688
6966.726774	65,961	1,024	86	7.679197504	0.113108465712146
7346.668669	67,558	1,151	96	8.042865609	0.113094438514005
6608.828850	65,899	1,055	91	7.298983546	0.0355878475721983
6597.220272	65,974	1,008	95	7.249448017	0.0599674322309189
6603.843734	65,981	1,038	101	7.319670416	0.0635895579579526
6624.614604	65,970	1,027	102	7.303238106	0.461586857218459
6709.750189	65,989	1,045	99	7.373420820	0.0623811388152324
6622.706385	65,980	1,037	92	7.430763767	0.0617140531365602
6688.636837	65,986	1,040	100	7.385858365	0.0619606199948759
6817.005480	65,948	1,050	81	7.489466022	0.0588743370097204
6727.627899	65,974	1,047	103	7.453419341	0.0554571651399009
6801.884460	65,953	1,111	104	7.512226200	0.0454759389658223
6858.657904	65,989	1,012	79	7.514906441	0.0430352302740313
6867.080455	65,974	1,084	92	7.579140237	0.0447480226797491
6912.941105	65,992	1,134	96	7.633089987	0.0494384784754867
6767.046865	65,975	1,060	89	7.519440918	0.0502857502862611
6864.280225	66,006	1,101	94	7.564777407	0.0518925773395205
6905.792462	65,980	1,109	85	7.587233455	0.0507108458439363
6862.045939	66,001	1,081	100	7.585357009	0.0495448719884132
6950.450367	65,968	1,063	87	7.588956758	0.0497073125932313
6965.436271	65,924	1,086	90	7.669697460	0.0529797528968481
7061.821726	65,934	1,122	72	7.763103566	0.0695242952148205
7029.404786	65,948	1,141	95	7.715258196	0.0606398101276642
7002.396193	65,970	978	66	7.648342677	0.0612513718081934
6951.031985	65,990	1,094	83	7.725150648	0.611542885076968
7476.874748	65,985	1,123	65	8.158946275	0.0802650866824797
7241.990379	66,071	1,142	104	7.996288827	0.0818481916389859
7496.508074	67,541	1,094	60	8.176410190	0.081038822370535
7579.145966	68,622	1,160	72	8.300250144	0.0799426324735568
7542.996989	68,767	1,156	77	8.268051510	0.0787499268736676
7558.327405	67,557	1,202	80	8.293755881	0.077890606040025
7132.206138	65,977	1,045	80	7.798331259	0.08025846725124
7875.307272	67,615	1,101	56	8.584941807	0.730725006313649
7893.817492	67,613	1,226	73	8.671889762	0.105835623311011
7721.264677	67,613	1,110	76	8.446052811	0.105715096918981
7646.650609	67,555	1,082	67	8.368423815	0.104765126364643
7534.768811	67,565	1,105	76	8.267987406	0.103958542202769
7541.080596	67,558	1,150	77	8.247462151	0.103429985169233
7418.373980	67,557	1,159	97	8.302667064	0.101701289357308
7383.072187	67,595	1,165	108	8.316904567	0.0979446894922975
7395.037699	67,620	1,121	86	8.110121234	0.0966884756950327
7358.960815	67,600	1,165	112	8.128542904	0.0973463091031841
7408.804648	67,613	1,145	101	8.148819992	0.100162710591017
7439.888613	67,627	1,150	101	8.222863253	0.0998145880511665
6786.180875	65,862	1,057	78	7.443580731	0.00207878740681032
6642.286526	65,878	1,008	81	7.434997598	0.0274414850088421
6564.551809	65,858	1,045	80	7.362111184	0.0155018872736587
6738.074560	65,856	1,046	83	7.412304243	0.0162194490075872
6667.110842	65,850	1,124	84	7.421321977	0.0851513015468798
6749.869901	65,854	998	83	7.436238533	0.077521900007323
6872.825894	65,947	1,039	68	7.524152170	0.102615128457583
6778.652511	65,823	1,037	70	7.445960648	0.0691861519952614
6864.306309	65,984	1,092	81	7.533959878	0.0929910687903582
6991.082464	65,936	1,086	80	7.685117530	0.0919159636010392
7044.568748	65,920	1,048	72	7.725867523	0.0909942894698186
7089.450002	65,990	1,086	63	7.749071761	0.0903746645193434
6979.515085	66,010	1,112	83	7.658515721	0.651368501592546
7004.577221	65,995	1,034	68	7.654176731	0.0885484928069649
6925.127556	65,999	1,040	72	7.570400294	0.582315139135184
6700.826598	65,861	1,062	77	7.482730252	0.109112810979143
6920.464812	66,036	1,071	89	7.595525893	0.125050153738754
6833.938024	66,031	1,109	85	7.659910232	0.123831157372925
6903.745056	65,992	1,012	69	7.554728381	0.116235610227717
6752.722670	65,972	1,065	73	7.425500391	0.324988247262138
7185.315908	65,961	1,114	55	7.880699121	0.135256014053055
7096.296198	65,981	1,063	77	7.766599866	0.102694783901898
6855.919485	65,980	1,046	80	7.528775740	0.110972679480077
7311.748487	65,979	1,148	92	8.021428169	0.107137798908649
6879.035780	65,932	1,084	89	7.652174906	0.699442186641275
7339.041070	67,545	1,167	87	8.065088290	0.104624887930981
6790.784199	65,936	1,060	83	7.451324158	0.124247829652197
6858.225745	65,982	1,069	87	7.566150216	0.095081674903978
6989.584022	65,982	1,033	52	7.754502819	0.114580119043265
7245.059206	65,936	1,078	87	7.954544619	0.703857119731823
7042.643226	65,929	1,054	106	7.806812940	0.112276213179997
7391.819175	67,548	1,176	92	8.084449648	0.115033846971695
7064.249715	65,902	1,081	100	7.748275928	0.692054896239264
7290.565620	67,562	1,146	93	8.117768673	0.121599361454323
7402.048240	67,561	1,214	100	8.126203409	0.12018871196592
7348.246790	67,565	1,119	98	8.100076122	0.119212277968862
7427.611794	67,573	1,174	109	8.227106586	0.118475708763078
7413.944489	67,601	1,178	97	8.169533515	0.116769079522484
7354.091065	67,599	1,183	118	8.077806739	0.115493134687106
7491.841720	67,614	1,163	99	8.249095932	0.116638688601848
6814.493831	65,938	962	80	7.471039869	0.145163162419798
6786.498557	65,978	1,063	88	7.470013041	0.135629795725654
6531.570191	65,893	1,055	103	7.290136109	0.0509359012322694
6667.012465	65,885	1,021	84	7.318786758	0.0285402073900415
6646.466070	66,010	1,076	84	7.296594125	0.55563127557784
6721.268499	65,968	987	84	7.373595515	0.14033410656828
6722.057984	65,965	1,067	81	7.391704765	0.128928266294229
6734.738810	65,926	1,069	111	7.453309521	0.117161043940893
6788.657999	65,921	1,035	80	7.443271337	0.109906106888394
6755.828523	65,979	1,127	102	7.475833457	0.103311181731411
6748.668522	66,021	1,052	92	7.428378852	0.0998196425007044
6770.911238	65,944	1,047	89	7.450287389	0.0968266672645197
6744.310475	65,931	1,049	86	7.434592373	0.0923912660838189
6569.593664	65,959	976	85	7.347394825	0.0888899577553898
6736.566688	65,966	1,056	100	7.427172770	0.0862992730922232
6654.957504	65,984	1,049	92	7.293163869	0.0863987722750046
6752.107078	65,977	1,075	81	7.399250861	0.0814736512334188
6919.509277	66,025	1,092	105	7.620654031	0.0827801892560302
6902.262255	66,036	1,098	100	7.659252868	0.0809040981518575
6739.312920	66,003	1,042	96	7.417708533	0.0780940415865614
7105.741231	66,001	1,053	48	7.731662647	0.0773004689452384
7107.364546	66,003	1,088	82	7.801266690	0.077751668035146
6597.778744	65,977	1,023	80	7.328286082	0.426030373495313
6978.099875	65,977	1,038	78	7.649849045	0.0782422511468474
6697.845917	65,979	1,037	91	7.366958456	0.190020316829712
6799.721765	65,989	1,138	100	7.523710993	0.094485054649067
6927.443032	65,995	1,060	90	7.602723169	0.723206018169331
6959.785765	66,006	1,088	84	7.637872719	0.0802590828365877
7376.153174	67,620	1,129	98	8.147274119	0.0855658218141287
7852.671231	68,803	1,187	57	8.599839705	0.0854823793228501
7422.194650	69,028	1,089	90	8.165206748	0.0870668841382097
6920.116895	65,975	1,050	92	7.603676058	0.0763260675053698
7066.110254	65,974	1,021	69	7.730470825	0.087420513508756
7381.784772	67,602	1,124	83	8.174111191	0.0914940518235795
7435.460539	67,616	1,152	93	8.183883909	0.090838267959892
7398.916384	67,612	1,127	110	8.156582687	0.0897603062183274
7138.428609	65,956	1,137	88	7.869901481	0.690489989423488
7331.233447	67,631	1,153	100	8.143516611	0.106048501573944
7406.969142	67,632	1,175	112	8.149536661	0.105227933254141
7389.358008	67,625	1,122	89	8.110133087	0.714418820713899
7435.801701	67,636	1,159	102	8.188535954	0.09925420968588
7369.907348	67,593	1,125	109	8.118486473	0.101073409861662
7435.260132	67,600	1,116	103	8.213032536	0.102503266496127
7451.407340	67,612	1,141	84	8.155758082	0.102671350600115
