1577.169372	26,569	305	36	1.771825273	0.0316212135106866
1868.662830	26,621	253	24	2.034251222	0.017348586701255
1991.005044	26,641	316	37	2.196253172	0.020726301644028
2063.746847	26,652	319	35	2.289981398	0.0490750320385438
2012.570768	26,652	332	41	2.244750360	0.415864049212441
2088.167888	26,643	340	33	2.316140012	0.150619182287194
1953.607137	26,651	300	23	2.154450945	0.139922229088303
2044.743472	26,648	344	28	2.266311687	0.130857986450503
2082.277768	26,630	329	23	2.291519934	0.129260412946366
1922.634788	26,647	321	25	2.120581369	0.12231218990806
2032.686917	26,649	351	25	2.238409968	0.115666263125101
2047.493255	26,652	351	31	2.262899571	0.109044581189526
2057.744163	26,646	314	25	2.243641037	0.104738272580653
1887.453979	26,649	311	23	2.071110150	0.101226301701023
1968.361606	26,646	331	22	2.162127317	0.0982612698524602
2002.878031	26,653	355	32	2.184973527	0.0951951551217448
2110.554079	26,649	350	38	2.322620660	0.0932682422999349
1956.551992	26,638	319	24	2.116878118	0.0899920793931667
1953.088913	26,631	351	34	2.256181052	0.0884611954880705
2046.783221	26,631	338	36	2.243297365	0.0859830982265072
2136.580327	26,633	392	34	2.368366981	0.0845045510334868
1932.606943	26,590	347	32	2.134592059	0.0905726197062584
2039.796012	26,611	346	35	2.243086935	0.0895690684388556
1970.962030	26,613	332	26	2.195588883	0.0873298102184318
1998.430497	26,627	330	24	2.199244840	0.0866264315579424
1958.041710	26,626	321	33	2.149265073	0.0842658762994903
2031.393352	26,634	378	39	2.263026648	0.0819915973652319
2004.045745	26,622	327	38	2.202780831	0.0830947424394363
2029.998626	26,624	347	32	2.233419376	0.0804988784423505
1964.417341	26,620	342	36	2.173303991	0.0844585521681543
2008.509213	26,629	348	27	2.240764618	0.0834951881363263
2060.023583	26,644	366	34	2.272575997	0.0820643677266322
1923.685398	26,639	291	23	2.083937174	0.0770710302224079
1993.948491	26,621	332	32	2.182340159	0.0752359994440311
2021.336019	26,629	327	28	2.190809967	0.0751621474123538
1984.524528	26,629	340	33	2.179378202	0.0807063580853809
1976.817914	26,639	311	19	2.152705452	0.0797471204762134
1754.481439	26,627	272	25	1.907861813	0.0786539497243216
1884.772849	26,627	312	28	2.058747455	0.0782508924158561
1908.201330	26,641	333	32	2.102429367	0.078752565962966
2017.914713	26,623	350	30	2.235947417	0.0813769616725646
1959.172455	26,632	320	32	2.131056196	0.0944828413078999
2032.859691	26,651	329	24	2.218888815	0.00129522383712745
2087.533655	26,653	334	31	2.290564622	0.0217097232713483
2068.331320	26,654	351	34	2.277809685	0.0165970396695853
2082.658435	26,629	363	37	2.279437490	0.0211561372905454
2016.449720	26,635	320	22	2.184572103	0.0177059415799948
2087.226896	26,667	343	32	2.284327893	0.0197924647361224
2155.028057	26,659	358	31	2.353895477	0.0216070328598931
1837.013907	26,653	337	31	2.111008513	0.02080572788268
1980.475693	26,653	329	33	2.186556482	0.045422605563489
1996.809928	26,694	335	28	2.205190245	0.0430358798189211
2123.988875	26,704	350	34	2.324656311	0.0318204447704266
1967.640284	26,663	338	35	2.157849333	0.0734757787618806
2111.858490	26,660	354	36	2.348873366	0.0697620610233839
1977.414369	26,657	366	23	2.257796876	0.0872400737148762
2045.612487	26,656	363	38	2.350927966	0.0958445272963991
2023.961205	26,668	300	25	2.180155264	0.0962710536641369
2041.782052	26,655	362	33	2.269943674	0.0947485855940858
2032.246389	26,675	359	34	2.236714960	0.0826520768478341
2122.838783	26,672	364	41	2.360071171	0.0796459748769552
1983.875319	26,662	318	36	2.183829102	0.0972713522755557
1988.824129	26,663	368	33	2.302711341	0.0987178354141583
2088.487537	26,662	348	34	2.303447757	0.09586790101549
1986.146355	26,659	326	33	2.171135828	0.0951620386492991
2014.094202	26,671	361	36	2.213217207	0.0920927787020834
2053.045233	26,677	361	32	2.254256409	0.0937529544242703
2083.671478	26,674	352	30	2.285429030	0.090364212735468
1939.728930	26,629	308	30	2.108920193	0.0908617179465397
2011.841072	26,611	329	37	2.201324958	0.0885494178770725
1974.870719	26,622	320	30	2.183662507	0.0872702891014975
2114.578819	26,627	375	38	2.321091852	0.0855514295660058
1790.582529	26,636	318	26	2.073724108	0.0848481940789878
2048.749602	26,646	344	34	2.259481293	0.0830394495670563
2002.335049	26,639	354	32	2.191179935	0.0865644090182664
2108.603291	26,627	361	35	2.320827196	0.0925432570391083
1898.460712	26,586	313	26	2.072284395	0.403177001504382
1934.315204	26,606	325	30	2.113564352	0.102916016747358
1814.559358	26,605	283	17	1.966147970	0.113904132267674
1918.147072	26,621	301	22	2.072878724	0.114633122883303
1747.082300	26,608	281	22	1.909604904	0.10020402735094
1924.885582	26,612	322	35	2.109200130	0.103390330742209
1979.656908	26,611	342	29	2.168500831	0.0991948265990091
2005.090491	26,625	342	36	2.205733711	0.103589620656208
2122.173054	26,688	336	41	2.363280152	0.00212986647283301
2091.046344	26,638	328	39	2.305077307	0.00227876668361359
2158.027294	26,647	378	44	2.421437009	0.0381811003062966
2009.425912	26,682	331	39	2.248762788	0.0176982716541414
2060.508980	26,679	331	37	2.292219822	0.0155236844406367
2111.186266	26,646	339	32	2.345644152	0.0155795741053925
2247.574618	26,634	328	21	2.491043588	0.0178479204134521
2009.613973	26,638	338	24	2.217222589	0.017148216514932
2027.292600	26,642	339	20	2.348930435	0.0171390589705888
2115.417044	26,654	347	19	2.375996281	0.0168389921649308
2207.590237	26,651	332	21	2.445158322	0.0982249258233799
1994.323275	26,666	334	27	2.201489264	0.130185895753417
2147.126315	26,673	362	29	2.356389044	0.124683001213562
2136.307850	26,686	341	28	2.339384733	0.134963495274464
2281.792584	26,710	372	43	2.527358604	0.120469864632264
1977.916163	26,656	325	20	2.232853639	0.116821308920539
2135.132784	26,644	351	28	2.342551360	0.125493123408887
1986.518206	26,646	330	32	2.295553009	0.110168269099263
2158.983533	26,642	395	36	2.494078936	0.109762648906827
2062.045667	26,651	322	29	2.248782013	0.109510414237821
1961.415846	26,631	347	31	2.297332866	0.10894452487796
2141.051681	26,653	378	40	2.376495919	0.114192304306784
2195.797583	26,653	381	43	2.449907244	0.119965836285256
1881.191703	26,649	348	30	2.204345176	0.116919755487334
2178.996763	26,660	371	32	2.406396315	0.115821112845924
2113.673682	26,687	365	33	2.330207401	0.113202599209291
1963.718829	26,690	339	34	2.163438017	0.110784428617308
2010.816865	26,687	323	30	2.201378662	0.110007310289108
2020.425927	26,695	348	29	2.232130386	0.108245440917653
2246.027808	26,663	411	42	2.500669682	0.103932437211381
2267.824508	26,670	407	34	2.530435959	0.102236618649438
2143.967483	26,674	391	39	2.389021652	0.100655962871384
2067.841166	26,666	332	30	2.266751816	0.0993382362026868
2081.777646	26,680	339	33	2.265446666	0.097950260438798
2220.684971	26,680	391	39	2.457473562	0.0964869279502245
2037.441232	26,685	329	29	2.238754730	0.0949913761955471
2237.753917	26,680	411	37	2.481637688	0.0940450369182172
2132.398903	26,704	366	27	2.338218412	0.0929400014612383
1998.016059	26,712	335	30	2.292460949	0.0947319682382497
1974.785141	26,679	345	32	2.160562344	0.0987197310954065
1953.420456	26,677	311	39	2.137258387	0.104575401231261
2052.922697	26,623	321	25	2.240947082	0.0993495286429572
2104.215770	26,663	358	36	2.330078459	0.00310026124378683
2122.258492	26,659	357	33	2.334538123	0.00325877541298797
2087.642345	26,663	374	37	2.297321170	0.00503552726464406
2172.873727	26,658	398	39	2.407600253	0.00408372640611818
2130.888254	26,660	375	31	2.339786769	0.00539924686758243
2061.663689	26,679	333	33	2.272422569	0.0051227833441931
2077.915328	26,684	381	36	2.279438992	0.00445562821783955
1987.296175	26,661	306	31	2.183975671	0.00944572537597767
2057.439337	26,657	313	33	2.266021350	0.00843960526862362
2105.959593	26,683	368	38	2.338730204	0.0489988974841426
2177.031208	26,678	378	40	2.413112049	0.0528726667203161
2078.803113	26,641	325	25	2.256457733	0.0625650633088919
2130.074721	26,644	344	32	2.349865300	0.0603788227682537
2099.424152	26,639	366	35	2.332392405	0.0538345261059472
2235.458477	26,664	410	39	2.499242865	0.390980129050004
2069.895685	26,661	356	31	2.265318726	0.0792295484463336
2079.748880	26,659	390	35	2.430272370	0.103808551593524
2110.039214	26,691	372	42	2.324468661	0.120941059040109
2233.630665	26,695	400	44	2.502526870	0.120558854681391
2001.310832	26,702	347	35	2.211495171	0.11942836057648
2132.445361	26,714	372	25	2.347166941	0.113926874408285
2169.649317	26,707	385	39	2.409208927	0.111458758768571
2185.828121	26,703	387	42	2.459165072	0.109309577414653
2046.889446	26,702	294	27	2.228112894	0.10704483702973
2151.277497	26,703	373	35	2.367833437	0.104810919706155
2161.240705	26,682	375	35	2.385110391	0.102896181969413
2188.360890	26,688	406	44	2.438221429	0.100974951683268
2047.192285	26,685	365	39	2.271659810	0.0989973173890603
1911.432569	26,696	324	26	2.229552960	0.0972247154919844
1987.497220	26,690	326	30	2.189483149	0.0956041108680392
1939.290274	26,640	341	29	2.113068600	0.263597174910405
2000.101192	26,628	349	35	2.211690150	0.123365354458033
1997.545813	26,615	335	30	2.217622818	0.119714731383284
2088.956138	26,617	343	40	2.291471711	0.117344473278679
2067.459072	26,627	377	38	2.392770856	0.115944365051441
1962.881297	26,616	331	32	2.150363958	0.134738542011708
2053.254263	26,622	343	40	2.286750034	0.128939452104881
1978.109214	26,642	353	35	2.279864110	0.142095116740356
2170.958678	26,646	362	33	2.387035715	0.137079624839246
1872.353215	26,636	322	30	2.167637097	0.135713848693483
2099.746616	26,640	366	30	2.317121505	0.133664911036585
1967.440636	26,643	323	28	2.160845860	0.132455502343149
2132.250018	26,656	386	34	2.357742551	0.00373739085832764
1929.578033	26,648	319	32	2.137538085	0.00801984816545153
2060.869281	26,644	361	31	2.282106514	0.00723150997659435
2109.304619	26,643	355	28	2.322337672	0.00644662953732528
2159.663080	26,637	377	32	2.395625574	0.00714298541564867
2001.516916	26,671	352	26	2.210706654	0.00818347229318776
2026.717637	26,665	368	30	2.354457244	0.0184090638307084
2085.674826	26,644	383	37	2.305608873	0.0148415648626581
2105.361865	26,647	375	36	2.322585006	0.0131097634703976
1960.664726	26,642	338	24	2.230328261	0.0138894421661671
2039.007969	26,655	351	34	2.237592784	0.0361553446061445
2171.930567	26,665	393	39	2.422519729	0.0338717950631354
2070.362850	26,660	351	36	2.271983653	0.0333181722245033
2112.056887	26,657	407	39	2.447733827	0.0370074480277367
1960.022116	26,663	347	27	2.170136670	0.0382121047112652
2091.563798	26,618	359	31	2.310239186	0.0349550856862648
2025.389061	26,627	358	34	2.245990343	0.0290362398866419
2189.385923	26,630	366	31	2.412746435	0.0278667878740525
1979.364530	26,634	324	36	2.181222053	0.0269436813293845
2073.289817	26,653	379	29	2.273832535	0.0390812789380105
2143.939456	26,657	372	36	2.361664464	0.0391983296373484
2124.440672	26,618	367	36	2.363532471	0.0645635241705758
1998.274011	26,606	314	27	2.198112184	0.0801294157103503
2129.137121	26,643	364	24	2.348970863	0.0857114544213429
2108.005870	26,633	383	39	2.326179361	0.424220186383311
2112.156778	26,624	366	34	2.354901012	0.100422108332527
1984.266495	26,627	305	25	2.194302130	0.109629095688109
1877.673804	26,641	302	25	2.051711112	0.107501289086925
1947.893110	26,639	318	30	2.141167509	0.10566409502453
1974.207233	26,640	325	28	2.162503586	0.103875946558714
2192.722728	26,642	410	42	2.450919641	0.102912589714009
1964.930292	26,637	344	35	2.167172563	0.100878553563699
2080.116905	26,642	357	35	2.308153483	0.0994550374090725
2114.195570	26,641	347	34	2.351908073	0.0997970673639544
2141.980851	26,641	383	30	2.365323803	0.0991290347663481
2003.952547	26,669	337	33	2.197226735	0.421554573184197
2072.365767	26,659	346	33	2.286232183	0.113741966220824
2084.122386	26,665	347	36	2.312509433	0.112347905397016
2131.498569	26,660	377	35	2.366327529	0.116810934435982
2118.189042	26,662	360	30	2.342849316	0.115804764249341
2005.456487	26,653	372	36	2.213260912	0.114422059510847
2031.399410	26,641	385	29	2.318675592	0.113043749497902
2111.001507	26,633	367	28	2.316445138	0.00284812207853012
2099.739227	26,623	371	30	2.309398785	0.00299694734484708
2026.966686	26,617	351	38	2.260008319	0.00311618941509282
1964.871710	26,599	341	34	2.168199867	0.0209835266087077
2075.414295	26,599	371	29	2.273334705	0.017384888985878
1951.881000	26,600	346	34	2.238197986	0.0150499888096033
2237.778692	26,600	388	33	2.463771220	0.0134794400750761
1984.959905	26,615	327	30	2.174200851	0.0318409220421313
2092.140661	26,608	363	36	2.309246387	0.0303365345388862
2115.360178	26,603	372	38	2.336489788	0.0289787097463519
2178.534912	26,612	360	31	2.406868783	0.0285997654244479
1906.857083	26,641	337	31	2.198312990	0.0544919987391647
2153.482073	26,634	355	31	2.378821253	0.0541515864580426
2106.078109	26,623	367	36	2.345876327	0.0520444763527054
2081.665217	26,635	369	38	2.293495088	0.0541359221612363
2133.576248	26,628	380	30	2.386931183	0.0493642092675906
2045.774509	26,629	354	40	2.250661079	0.0492354327002401
2128.350141	26,610	347	28	2.345751287	0.0478340343672545
2067.689458	26,608	373	39	2.327115542	0.0463269011620103
2208.329335	26,599	404	37	2.434374191	0.0452520633909548
1979.241621	26,592	323	34	2.184801467	0.0441057777045035
1972.110833	26,623	324	26	2.160359515	0.0429903103369623
1943.956066	26,623	312	30	2.125917657	0.406337989731443
2016.122541	26,603	341	27	2.225075703	0.066213786704677
1922.672375	26,614	310	25	2.097961373	0.0649177754871301
2052.056687	26,599	350	38	2.283394697	0.0644262277106136
2037.003806	26,600	336	29	2.250312086	0.0625194577122296
2168.804150	26,607	370	31	2.390505602	0.0611803115997739
1931.964970	26,604	364	32	2.216791066	0.0600677953778039
2001.244789	26,611	351	42	2.309175840	0.0590518411942906
2098.641818	26,618	360	37	2.329914828	0.0583090315866474
2146.531028	26,606	373	28	2.373850119	0.0571749256974007
1974.749184	26,617	336	29	2.167798873	0.0945118767702802
2106.201589	26,632	372	31	2.344307007	0.404261759697003
2082.541774	26,630	350	23	2.291513307	0.103978259855013
2107.783204	26,631	376	31	2.333072399	0.102603708405498
2155.476387	26,635	405	30	2.386350939	0.101668942999344
2075.271797	26,655	355	31	2.382139389	0.100491310654564
2265.470562	26,659	387	34	2.513597334	0.0994482230574409
2246.913759	26,659	386	37	2.512098038	0.0980828647429381
2070.460596	26,659	348	42	2.301676267	0.096799974397027
2139.752219	26,667	385	38	2.391032773	0.0949995743994482
2031.309927	26,678	317	23	2.302517275	0.00541374481619141
2130.152867	26,643	369	27	2.356166878	0.00490149032785081
1981.768543	26,646	337	35	2.190672165	0.00601951696197413
2188.933481	26,617	418	37	2.442781664	0.00528383100742115
1930.757320	26,618	342	24	2.229704872	0.00890220140817713
2118.589030	26,639	358	33	2.332627047	0.02899832972421
2084.539077	26,641	357	33	2.308078779	0.0221345833683181
2193.704806	26,624	367	35	2.426437442	0.0202013478785123
2015.329443	26,622	329	34	2.207154714	0.0264652341231436
2079.557475	26,617	369	32	2.300003133	0.0265330277428547
2094.986644	26,615	351	30	2.279542936	0.0257482605128905
2171.421903	26,614	395	32	2.389780786	0.0240284113687456
1818.889759	26,624	270	21	1.969641704	0.0211401568321939
1941.940572	26,600	323	26	2.134994267	0.0329842586995414
1858.094525	26,613	323	26	2.123314722	0.0338757643950066
2142.404535	26,618	368	31	2.355090451	0.0337024293102216
1965.856693	26,618	346	38	2.148204596	0.0316108479023804
2132.105464	26,614	356	31	2.345736982	0.0506787084393344
1909.276294	26,609	338	33	2.235031870	0.0615901508460162
2172.499491	26,625	373	28	2.382732948	0.0745691214210868
2011.691681	26,630	358	33	2.202238067	0.0577524544805399
2049.762493	26,623	361	28	2.250231028	0.0573035035340081
2099.178922	26,623	382	39	2.330251304	0.0558719061678333
2159.619549	26,621	382	36	2.406640543	0.0629607001874319
1974.621572	26,624	341	32	2.160781153	0.0616142322067944
2106.029946	26,630	338	24	2.289396676	0.0650215107616865
2066.394669	26,624	397	36	2.306438569	0.0635049118849628
1994.474513	26,645	354	38	2.316732734	0.0618529433212302
1936.232408	26,635	347	34	2.238163016	0.0611801764116684
2047.395348	26,640	343	31	2.251239075	0.0598305014055829
2060.069252	26,636	359	33	2.361187589	0.0568925156527869
2060.092701	26,613	363	35	2.284562724	0.0567753556354371
2186.168743	26,636	379	35	2.445507039	0.0555711997050635
1998.931124	26,640	341	34	2.221856821	0.0655559443713454
2094.790702	26,649	345	38	2.339544403	0.0737910796432413
1926.407007	26,628	339	28	2.239814250	0.0764945906601627
2104.205669	26,632	347	22	2.315871810	0.076679056965656
1961.790652	26,613	315	29	2.132713518	0.0761939800141394
1938.248976	26,619	357	35	2.242233352	0.0736015781779473
1878.091049	26,642	330	35	2.165086276	0.0862352009348531
2165.971003	26,641	376	34	2.402459207	0.0838250416762752
1994.274058	26,650	339	37	2.196366860	0.0914160571074362
2053.537204	26,636	372	31	2.286799628	0.00403514046922296
2059.318550	26,656	368	34	2.308374171	0.00392095782606235
2151.180799	26,651	379	35	2.389795088	0.0149778144600762
2024.060828	26,654	359	35	2.232179353	0.0129227413561067
2084.582543	26,642	347	33	2.282767305	0.0286220475357162
2086.988578	26,643	387	38	2.338129104	0.0276242491158254
2098.255426	26,632	367	36	2.426665163	0.0259815730426855
2036.025790	26,640	324	31	2.248792193	0.0274248950128215
2131.841128	26,635	361	30	2.344004763	0.0230731786927735
2163.296880	26,621	401	27	2.381763223	0.0259351224166004
2003.489502	26,620	354	35	2.194241075	0.0224854563345861
2106.441506	26,620	381	37	2.388811356	0.0376231131024311
2081.557658	26,632	366	28	2.302680489	0.0328845497888409
2069.385315	26,606	384	45	2.297710514	0.028167284722519
2141.778099	26,616	363	26	2.379327302	0.029317242389503
1922.790398	26,609	306	27	2.198711056	0.0272624603277457
1923.702311	26,592	333	30	2.101707578	0.0254608258426419
1887.392046	26,620	287	28	2.043576843	0.0350131964825077
2020.746913	26,613	311	25	2.212224407	0.041680380503335
1811.010920	26,595	312	27	2.065897120	0.0414472411449419
2122.858076	26,604	381	39	2.360659817	0.0855259051139244
2058.798113	26,655	376	38	2.282244199	0.0729867818525953
2225.674541	26,643	411	33	2.480183882	0.0631975443271604
1972.135243	26,607	331	35	2.176250624	0.0598564271266345
2074.225940	26,623	355	33	2.307959137	0.0583628673486984
2120.400383	26,635	372	41	2.369262642	0.066636676283465
2205.618704	26,642	376	31	2.439230997	0.0616697067916557
1983.836070	26,629	345	34	2.167590856	0.0910289494342429
2048.255597	26,629	351	30	2.268715383	0.0853579144322055
2006.237026	26,616	324	26	2.219225196	0.0926533349252234
2059.990553	26,620	348	31	2.259997262	0.0870078822733893
1970.036289	26,633	333	27	2.151962412	0.0834219989133401
2070.659750	26,639	351	31	2.293912179	0.0902756952866182
2037.490126	26,644	372	37	2.243537434	0.0859327289107032
2184.989961	26,644	383	39	2.424713734	0.0949823259088397
1927.314358	26,625	320	29	2.119043629	0.103449366384912
2066.758201	26,628	367	34	2.289173799	0.0963666941782033
2068.888680	26,635	355	32	2.312499497	0.0927509463653035
2129.586018	26,636	356	32	2.354949699	0.0948263806676742
1945.883777	26,618	347	33	2.167136548	0.102155707142185
2060.946766	26,616	374	31	2.298441380	0.0926216220855705
2004.061171	26,629	365	36	2.245413704	0.0919433579249409
2180.503104	26,636	378	34	2.405609874	0.0142430606906491
1987.154197	26,648	329	29	2.187383636	0.0228121119693809
2108.079505	26,642	368	32	2.324655358	0.0489762883977479
2115.248101	26,644	383	33	2.332126821	0.0456565689863461
2137.324827	26,635	368	35	2.368632329	0.0429110540207563
2033.381336	26,634	328	36	2.249633198	0.0397354119595991
2117.553007	26,624	341	28	2.339775324	0.0348959400315992
1962.791629	26,656	351	32	2.290821330	0.0325149000042659
2175.737742	26,647	361	27	2.419727809	0.0848846401459009
1964.690095	26,618	330	33	2.157586574	0.0771931781039162
1877.421357	26,618	293	21	2.055811636	0.0722257862101174
1889.099630	26,622	300	23	2.068795651	0.0689910547528846
1963.116984	26,636	332	32	2.167551799	0.0674920417728318
2100.264954	26,628	369	26	2.327440418	0.0645541297438861
2068.134154	26,643	364	36	2.290249790	0.0652175385452684
2154.600405	26,633	350	34	2.392597709	0.0634219289851548
2112.399305	26,654	362	35	2.328628135	0.0620589569059112
2085.081703	26,613	349	29	2.288702762	0.0580985061296415
2072.985679	26,617	362	38	2.296089449	0.0581757962695207
2033.602970	26,638	317	30	2.215954617	0.0821878985885651
2152.784062	26,639	352	32	2.380130593	0.0846319029929011
2068.768812	26,659	339	28	2.274785961	0.0825338940148394
2162.743469	26,666	376	29	2.381604006	0.0809593119237641
2037.775378	26,653	369	30	2.239056771	0.081378453894684
2102.370882	26,660	362	34	2.339556546	0.0797087680644541
2071.612144	26,659	383	35	2.287637373	0.0807112129544552
2093.027806	26,636	353	35	2.285307493	0.0798794625083101
2009.844021	26,645	378	43	2.244477102	0.0778186604707724
2105.748901	26,660	377	39	2.353931898	0.0779469220348629
2074.270319	26,663	356	29	2.269761903	0.0723853632930527
2053.083233	26,658	366	34	2.250250797	0.0718254410078778
2073.681278	26,664	373	34	2.399431124	0.0701895806699902
1958.215698	26,665	335	30	2.158672178	0.0811132521560876
1925.291461	26,639	318	25	2.218248354	0.0922586466633412
1966.620141	26,651	323	35	2.155137511	0.0901017153667413
2165.897752	26,644	381	30	2.384224909	0.0830627607037451
1931.866106	26,641	349	36	2.160111887	0.0971160800024893
2120.951995	26,665	358	35	2.333949870	0.0938452797661476
2064.721100	26,657	374	32	2.274706065	0.0990097141357725
2214.391593	26,672	361	27	2.411113050	0.0937044041804513
1959.774398	26,676	336	27	2.178286868	0.0910580874770244
2084.451103	26,632	354	25	2.273808168	0.0908925855095699
2033.162102	26,612	380	41	2.277308488	0.00355049969264638
2180.342028	26,653	376	32	2.398448645	0.0133286168515971
1994.787183	26,635	331	33	2.188614649	0.016588096314694
2198.932952	26,643	357	37	2.448898386	0.032152661746103
2170.845327	26,641	396	33	2.516047436	0.0307650591625158
2257.179059	26,618	370	29	2.496768423	0.1002621399252
2184.335025	26,614	378	38	2.437694744	0.0929682584093793
2244.780883	26,635	364	23	2.479626463	0.0869505065440918
2188.271943	26,622	377	34	2.416639911	0.0867503927530404
2130.517764	26,624	377	30	2.334330184	0.0811103928991295
1978.212355	26,635	371	40	2.282313610	0.0785659884612782
2060.698949	26,655	337	34	2.272975253	0.075429955054621
2129.318843	26,657	379	31	2.358362654	0.0726859633930244
1935.497335	26,657	315	23	2.119270189	0.0704701133201504
1994.270924	26,651	341	31	2.209060679	0.0686023694851172
1837.111666	26,620	309	29	2.020503187	0.100894485643587
2020.620750	26,631	322	25	2.247349293	0.0988597912591081
2050.472430	26,633	368	36	2.256888504	0.0967650612103831
2172.216646	26,630	352	32	2.397910121	0.0919647077111926
1917.081647	26,627	342	27	2.227881858	0.125461095847502
2119.715932	26,632	361	34	2.339853550	0.118438038657243
2063.888471	26,615	352	31	2.294432648	0.112497786993393
2221.134399	26,626	380	26	2.436653232	0.106337055830861
2006.114368	26,632	343	24	2.208775650	0.1041441642187
2102.982861	26,638	382	33	2.332128281	0.102325153851069
1947.118274	26,643	355	37	2.288456634	0.102950860695951
2036.004915	26,631	355	36	2.248527533	0.102747349805222
1978.272193	26,644	318	33	2.182867605	0.102495279545466
2082.701711	26,648	344	28	2.320827790	0.104702937684807
2067.764610	26,637	346	34	2.277974025	0.0965853690181948
2045.522989	26,636	368	33	2.348515558	0.0950858739170186
2004.030430	26,652	316	28	2.194036334	0.395421338974209
2106.597993	26,652	361	32	2.330475890	0.122742939797207
2112.025445	26,624	366	32	2.362334600	0.116376146402764
1983.473424	26,630	342	28	2.169071459	0.123787959980145
2058.363579	26,630	336	26	2.251118857	0.389414492900066
2110.272377	26,639	371	33	2.318332633	0.13189693565242
2130.550000	26,672	379	34	2.344642196	0.132687607842946
1998.749349	26,653	355	33	2.219493566	0.131248008241223
2042.779776	26,656	354	33	2.268605073	0.130531648799847
2014.808233	26,663	365	36	2.245179803	0.12621014172599
2102.622926	26,663	385	32	2.435918334	0.123217704647184
2025.308705	26,687	361	35	2.282069025	0.00392603831287069
2084.210726	26,697	376	30	2.388154515	0.00390138091828838
2126.824785	26,695	360	27	2.326310699	0.0146889254733392
2275.407438	26,698	421	42	2.530079609	0.0127767133086883
2028.589323	26,695	347	32	2.234015617	0.0477044774738003
2162.532863	26,696	382	40	2.384525893	0.0276421589579293
2130.567014	26,683	366	32	2.333410192	0.0220250610770947
2121.545616	26,699	373	28	2.352910546	0.021879962251242
2058.669994	26,700	338	28	2.253427865	0.0201060440193093
2155.115584	26,677	371	25	2.353998061	0.0192832127330495
2119.535094	26,675	366	35	2.352061780	0.029858539459125
1971.541404	26,682	330	29	2.162251828	0.0211645661147717
1918.489267	26,682	288	21	2.095287788	0.0326882224903601
1852.843021	26,684	301	27	2.125033875	0.0645237530002422
2219.494806	26,717	372	38	2.505870269	0.0723141052210876
1992.993470	26,700	324	26	2.200688105	0.0783952897449629
2098.996672	26,690	341	36	2.339802596	0.0793646950451005
1952.953709	26,681	347	27	2.254039088	0.0800476037693753
2175.533630	26,669	358	30	2.409644959	0.078952111564633
1998.209293	26,642	328	27	2.200001362	0.0919519857022284
2091.304084	26,635	353	37	2.301693558	0.0957506591105006
2036.222670	26,616	344	35	2.243065556	0.0910975696733856
2201.379105	26,643	393	31	2.441502431	0.0937473897651822
2005.473621	26,627	347	38	2.200485008	0.0916051152705919
2084.930360	26,622	359	29	2.291435315	0.0899343380765066
2062.815058	26,631	349	30	2.271774341	0.0892546033709872
2200.437426	26,626	379	34	2.439112160	0.0890941595806375
2002.688561	26,633	335	33	2.215055838	0.0880206608675953
2197.807476	26,648	383	28	2.427067508	0.0910011852559284
2076.540093	26,665	376	37	2.290130770	0.110553412033856
1965.690300	26,662	345	38	2.164859846	0.108303859968661
2055.663092	26,642	372	27	2.264783091	0.108463750299464
2165.252438	26,641	364	32	2.390808918	0.104753146692774
2008.244227	26,644	319	34	2.209127108	0.103487341456881
2077.620953	26,643	345	28	2.280965343	0.101757720639105
2090.488878	26,670	374	31	2.327566767	0.110411595316833
2132.796788	26,672	380	37	2.354127186	0.109248443115146
2190.463757	26,677	392	32	2.433736772	0.107563383101579
2009.465188	26,704	342	29	2.225076310	0.107256989245789
2098.199063	26,664	339	23	2.318381894	0.109472241104878
1994.398110	26,655	368	29	2.304664052	0.112002025192815
2075.761721	26,645	344	36	2.303708217	0.110785943526262
2103.149339	26,672	384	31	2.309237239	0.00307250688873054
2086.819427	26,642	316	22	2.279265174	0.0276990136052195
2191.553819	26,637	390	28	2.407190749	0.0137136822656252
2097.065661	26,655	362	34	2.293305195	0.0126097429556814
2193.339398	26,655	364	32	2.428421843	0.0136915968904897
1991.352570	26,657	331	31	2.174491027	0.0342928522427451
1970.872312	26,655	302	27	2.141948375	0.0333547130101833
1990.469015	26,635	324	29	2.202007244	0.0291710348467791
1921.930153	26,636	343	33	2.109016489	0.0287586054831118
2073.652765	26,645	362	32	2.303311626	0.0261476512240109
1999.647550	26,637	337	34	2.321556227	0.0235740912997052
2188.484755	26,652	369	31	2.416062085	0.031973004267441
1991.146261	26,648	347	31	2.198324618	0.0310038729080568
2105.047351	26,633	358	29	2.333339354	0.0274782762847678
2055.708859	26,633	388	30	2.260946529	0.0856102283219712
2177.379555	26,638	355	21	2.396459388	0.0478147151999197
1850.620761	26,629	344	29	2.148155391	0.0668082033338527
2092.959528	26,637	323	34	2.309687633	0.0671659757835929
2084.213820	26,631	364	30	2.285659030	0.065390939632162
2186.117118	26,636	351	29	2.414149813	0.0656835130551454
2024.787239	26,630	332	34	2.250351923	0.0702041099347612
2117.505221	26,643	363	31	2.316890646	0.0663346973666213
2151.152741	26,647	353	30	2.376799830	0.0870656442976304
1990.195730	26,646	348	33	2.204134349	0.0863837839453598
1962.404939	26,648	309	26	2.288086752	0.0848804861345899
2106.971063	26,646	366	30	2.314916712	0.0839581783908233
2050.062726	26,640	346	28	2.257163725	0.0828509304235105
2098.158113	26,641	338	26	2.326550773	0.0944852195479607
1906.386943	26,651	324	20	2.121801890	0.0929130823922068
2012.542614	26,649	367	32	2.213694425	0.0919268092069804
2028.918122	26,650	340	26	2.239264445	0.0891811419806377
2206.230312	26,668	374	25	2.418529997	0.0897358183183211
1850.099556	26,664	319	26	2.129394295	0.0863425913279107
2072.775813	26,619	379	32	2.286537100	0.102977600106187
2081.017977	26,623	364	35	2.302071809	0.0997313853160589
2073.735887	26,627	355	30	2.293106711	0.0985749431280225
1975.758330	26,629	378	36	2.292257997	0.0971630775546807
2016.919367	26,653	325	28	2.187359289	0.0984230588597039
2001.584551	26,654	335	23	2.179820447	0.10227883898396
1827.030988	26,652	317	27	2.007473957	0.0989280165269744
1980.888617	26,664	319	29	2.155338438	0.0994992648064276
1817.978395	26,655	281	18	1.972123952	0.101337121600212
2052.254698	26,657	340	33	2.250520909	0.00344717708708249
2109.634730	26,630	384	36	2.358339775	0.00343533026721642
2047.517995	26,633	359	32	2.352452022	0.0033062425876528
2046.305381	26,644	380	30	2.256966603	0.0033765751043135
2051.068639	26,639	349	26	2.250803330	0.00518801373517888
2080.756604	26,647	352	34	2.302135793	0.00369350856835478
2052.117259	26,642	358	30	2.250258196	0.00355799680643976
2098.433451	26,644	345	34	2.315858211	0.0035326318904531
1998.572581	26,647	349	28	2.192444684	0.00357397752417227
2063.639254	26,644	357	32	2.272471670	0.00602618009956939
2058.846988	26,641	363	33	2.279636254	0.00499065072280566
2168.897218	26,650	367	24	2.394637196	0.022508688554458
1977.376313	26,652	346	31	2.297713039	0.0201332780757041
2208.456547	26,648	358	12	2.510776186	0.0178203478010042
2463.965010	26,659	382	19	2.706561549	0.0231664168692876
2300.288005	26,631	380	29	2.640687650	0.0235674524003651
1983.913075	26,625	332	28	2.187632618	0.0244131459962052
2056.125992	26,624	343	29	2.261573813	0.0185062572608016
2085.064356	26,624	335	26	2.279878015	0.0182209698651509
2023.050937	26,620	340	26	2.238049839	0.400799816697235
2051.849297	26,628	369	30	2.264337564	0.0781593908852784
2001.829955	26,635	329	31	2.195530167	0.0761425573720355
1973.970774	26,613	345	33	2.179112943	0.0743372439867093
1941.068294	26,620	344	32	2.155757242	0.0738513748323768
2006.575171	26,623	320	29	2.197702270	0.0729190103978325
1894.077558	26,628	362	28	2.176237161	0.0702483004122019
2122.979334	26,636	339	26	2.332541105	0.0692406567106616
2035.361270	26,624	319	31	2.231396658	0.0679910387253888
2076.105183	26,629	362	28	2.280745598	0.0667771094964832
2079.639205	26,646	330	34	2.295507396	0.0660878454057993
2017.914008	26,635	338	23	2.192872283	0.0661621320518132
2069.980521	26,668	307	26	2.277187605	0.0647395169413888
2013.581032	26,661	359	38	2.233466217	0.0639503319830419
2134.524037	26,664	353	31	2.364592667	0.0645570791950401
1977.404378	26,642	325	30	2.175902204	0.0743282759774196
2019.036327	26,657	332	26	2.231658769	0.0734324334597439
2033.940379	26,659	360	35	2.264277841	0.0731562932231598
2125.421944	26,648	340	24	2.332054504	0.083372882906489
1928.310388	26,607	362	35	2.154737345	0.115690463008527
1954.190545	26,603	353	25	2.243439965	0.0933602549268033
2037.338858	26,605	333	24	2.219831972	0.0922568544349878
1993.051002	26,597	369	29	2.195227195	0.091192320752499
2078.191225	26,626	335	30	2.267401555	0.00376167647166971
1840.906529	26,668	266	20	2.009845119	0.00502811766491138
1888.533886	26,671	302	26	2.067387824	0.00592632096593198
1899.078295	26,663	301	29	2.089473159	0.00560520158241789
1959.789934	26,656	326	30	2.179992530	0.00681007362744023
2205.524539	26,652	353	28	2.430699528	0.00624484452912991
2005.803958	26,651	349	31	2.203012478	0.0496779859187131
2069.938434	26,662	352	28	2.281796779	0.045808282356447
2057.990293	26,656	365	29	2.251938181	0.0521583130830462
2200.198086	26,636	353	27	2.404240117	0.0470863841781854
1962.303262	26,641	342	28	2.145639816	0.0445762854829904
2119.600398	26,640	348	28	2.315874266	0.0414686326100696
2097.761680	26,642	378	26	2.292157425	0.0404301424368806
2034.978936	26,639	365	29	2.241046470	0.0394499841797885
2108.403714	26,632	355	28	2.334273438	0.0385516026895594
1937.810878	26,651	312	29	2.108710631	0.0383675040955784
2081.292170	26,647	363	29	2.301579014	0.038005817273358
2094.603371	26,649	362	35	2.335598909	0.0352815397489267
2024.655989	26,649	367	31	2.337016517	0.0576445427815383
2012.772525	26,620	351	33	2.221341255	0.0562061895448962
2053.882607	26,611	354	29	2.243192524	0.0599427760269593
1975.905637	26,619	356	28	2.250045335	0.0671661786943796
2036.060419	26,614	344	34	2.225600086	0.0683654302165867
2142.542338	26,618	360	23	2.339733677	0.291623341569514
2003.464035	26,637	335	38	2.216239688	0.408629520952467
2131.095143	26,656	358	28	2.352957691	0.0946181285924121
2146.025469	26,650	357	29	2.371417700	0.103444085404283
2000.548797	26,634	350	40	2.214121514	0.102238000166401
1965.568625	26,635	377	29	2.249334017	0.101529601433961
2068.561585	26,640	370	25	2.263081796	0.0917731975538114
2036.419085	26,630	349	33	2.262089443	0.101165472090104
2169.047891	26,643	393	24	2.385736332	0.0869756652569016
1984.348430	26,649	337	29	2.169634476	0.0867459388034348
2057.730827	26,657	339	26	2.256789966	0.0867628004909358
2054.310027	26,661	354	29	2.255941776	0.0840547812642305
2157.453319	26,647	367	25	2.371706305	0.0849701650042034
1928.724399	26,647	337	35	2.118066961	0.0832781187774152
1973.654166	26,631	324	25	2.157275268	0.0807043533530142
1897.677220	26,642	311	20	2.080749782	0.0805279161224473
1848.742146	26,617	291	24	2.026462324	0.0835229103891326
2013.230248	26,616	346	31	2.216416932	0.0787851471237426
1867.617968	26,621	317	26	2.130755924	0.0777086657152562
2074.890421	26,653	348	30	2.274356062	0.00605055685899714
2027.582947	26,633	358	31	2.236048731	0.00598900980889936
2073.809553	26,649	367	29	2.376973719	0.014283740883726
1994.387898	26,643	321	30	2.194450042	0.0138460539937335
2076.006483	26,649	345	22	2.270186297	0.0158327093740256
2082.662483	26,631	351	27	2.275259915	0.0179926604931427
2038.071804	26,632	368	31	2.350341388	0.0199338752147765
1909.482549	26,598	321	32	2.110619314	0.0424419200624452
1930.909396	26,599	353	19	2.200575014	0.037374850743672
2013.622668	26,600	353	32	2.234755236	0.0340606597831793
2062.570225	26,595	363	34	2.279590058	0.0291817522583341
2076.535378	26,625	374	39	2.280100891	0.0280073604369872
1990.807875	26,613	321	27	2.180355739	0.0273928864277813
2077.781864	26,616	349	20	2.264077911	0.0272219059188177
2087.224012	26,619	351	30	2.301993470	0.0259482355682849
2191.058109	26,614	351	26	2.409894740	0.0613692945784326
1950.940667	26,613	330	24	2.136817043	0.0669957814850917
2093.615949	26,625	326	24	2.305052804	0.0654883608797445
1931.896393	26,631	350	29	2.224050325	0.0630903216969492
2102.939458	26,622	347	29	2.297583953	0.0620654937891464
1783.639697	26,637	314	36	2.081238552	0.0616586649367183
2074.334909	26,644	363	28	2.273500969	0.417103408866863
2068.400975	26,655	358	24	2.290335364	0.0858734827418787
2164.063117	26,683	388	29	2.390270395	0.0868539384060832
2016.511440	26,679	369	34	2.236135609	0.0862348770163639
2022.168780	26,691	368	27	2.293212863	0.083487053073821
2055.714863	26,674	328	28	2.265014594	0.0999115243000825
2202.609554	26,643	332	27	2.439024617	0.0826295863286542
1929.940468	26,636	335	34	2.112865705	0.081031130760657
2092.640112	26,657	385	25	2.291120885	0.0798887137274047
2080.087996	26,655	369	24	2.285931167	0.0803699091341636
1958.233758	26,653	351	31	2.267616768	0.0802046932617689
2075.676970	26,648	373	28	2.292662214	0.106313702457383
1954.541881	26,634	320	29	2.194634006	0.0976608693106226
2042.188563	26,621	324	27	2.223390670	0.0937688432565986
2002.328291	26,635	346	27	2.218920484	0.0912274850696956
2067.122783	26,637	370	24	2.382506213	0.0944819521142295
1999.122988	26,658	354	28	2.189946581	0.0817532993467176
2016.765055	26,651	352	33	2.240834830	0.0937503487334194
2086.549702	26,654	362	25	2.292302069	0.0883876689730968
2091.043439	26,620	353	27	2.310316199	0.0822407256912163
1893.493278	26,649	314	32	2.096967377	0.0856062691674055
1913.209113	26,719	316	30	2.110969731	0.005451344692913
1971.476151	26,725	343	35	2.162056447	0.0211079093491507
2071.208845	26,722	345	39	2.268349507	0.0129308688762408
2009.806579	26,742	348	39	2.239505605	0.0141270715709166
2154.345238	26,734	382	33	2.370109922	0.0175216125902622
2151.891049	26,716	382	38	2.370628848	0.0204057846541863
2256.537007	26,715	382	27	2.476409224	0.0295228044449799
2063.514850	26,713	370	34	2.277912164	0.0262064023763105
2155.482965	26,718	388	28	2.362809696	0.0249354956552073
2202.621901	26,711	367	31	2.428847699	0.0476766390542014
2104.684195	26,724	372	34	2.314777593	0.0416320837448952
2134.294570	26,714	363	28	2.328977441	0.0305379925597262
2111.852579	26,710	365	32	2.313242993	0.0369407601399503
2075.730588	26,709	341	34	2.271695185	0.0311377724411597
2038.137036	26,708	363	33	2.259267420	0.0299680666509234
2097.211977	26,720	351	25	2.285770896	0.0286585561380956
2132.007799	26,721	369	33	2.344544645	0.027496168703111
2062.530853	26,710	365	28	2.278672977	0.0271642132944797
2077.930272	26,722	387	34	2.293806484	0.0349064043924923
2076.453239	26,731	343	26	2.277490044	0.0287327327145861
2085.990615	26,731	396	31	2.391003271	0.0279993934175004
2108.914318	26,704	371	36	2.341136483	0.0262367842052727
2590.042711	26,706	391	16	2.814353890	0.0406402979928809
2370.032768	26,719	397	20	2.616617045	0.0445488213117086
2204.968514	26,716	372	27	2.522432977	0.0423371454487953
2225.563265	26,717	406	21	2.552282638	0.0390891327223303
2018.369098	26,724	349	34	2.227325777	0.0383482333821299
2179.421502	26,724	356	22	2.391527436	0.0406054120882205
2127.623877	26,728	355	33	2.332212914	0.0388761484423275
2082.979141	26,727	368	34	2.323734723	0.0407889678042432
2176.449757	26,731	369	33	2.403156627	0.0396136838853071
2064.102979	26,743	373	29	2.257437891	0.0373487237567076
2169.460356	26,726	365	31	2.385644225	0.392326384181983
1997.910797	26,735	339	37	2.293844703	0.0822289127883049
2213.557670	26,753	389	35	2.451422392	0.380384936022899
2066.065721	26,715	349	34	2.269932339	0.0978219463935891
2123.789562	26,720	328	22	2.329062961	0.0867564148622077
2095.461904	26,720	357	29	2.296820164	0.0840747275186968
2163.065227	26,713	386	27	2.378450347	0.0884389394266733
1816.589686	26,719	286	23	1.983616249	0.0874207315226208
1962.725666	26,716	309	15	2.135431299	0.0853175998322135
1973.915668	26,726	306	23	2.153724860	0.0837184693457559
2199.583084	26,641	368	32	2.431038072	0.00934762174341409
1997.025674	26,651	355	29	2.176079356	0.00981885484102935
2079.799191	26,647	351	26	2.275579890	0.0193620593702543
2086.382721	26,668	358	29	2.296052896	0.0144959820996094
2203.719129	26,671	371	26	2.421607359	0.0182002280253346
1954.558287	26,628	325	32	2.165730400	0.0432096779168027
2063.817902	26,634	356	33	2.314405854	0.049712851735542
2079.330638	26,634	370	33	2.292095544	0.0937721474833293
2169.877361	26,616	355	23	2.386628016	0.14925572938857
1959.262140	26,618	330	26	2.157478653	0.140028146236026
2076.045383	26,621	323	30	2.298409864	0.133871366539178
1959.235455	26,623	367	25	2.239312349	0.137975002812061
2177.549216	26,616	372	20	2.408426922	0.132098732307007
1922.924000	26,631	323	33	2.105624400	0.126108734869852
2040.931614	26,649	322	17	2.226967516	0.118105518311544
1982.605869	26,623	315	31	2.174338868	0.114372802819459
2078.090763	26,613	327	28	2.276403862	0.11099357791531
1945.140375	26,632	315	32	2.138411695	0.114340803719134
2064.685655	26,633	355	28	2.259894315	0.111186170356414
2032.019158	26,624	351	28	2.249319665	0.108467068218869
2191.533505	26,630	324	18	2.395407708	0.1132030689184
1943.576045	26,633	339	35	2.140941324	0.110639532183853
2043.057757	26,616	336	24	2.254930721	0.116921554684447
2087.101442	26,634	376	28	2.322261549	0.11473533566495
2090.703026	26,630	349	31	2.306955685	0.41970339808215
1882.125574	26,654	368	30	2.157805020	0.120140868325987
1921.114592	26,640	357	29	2.196917311	0.117172160591709
2083.823937	26,653	342	21	2.266723742	0.11549926827882
2022.207688	26,649	347	29	2.235455508	0.113033463202073
2146.778005	26,658	367	33	2.381150480	0.111543874252602
1981.567393	26,651	337	34	2.189315682	0.113750444926111
2069.164590	26,625	346	32	2.280702656	0.115724209624243
2040.588950	26,633	345	30	2.230323624	0.113800681671478
2085.620322	26,665	335	24	2.274832021	0.111926940066829
1836.426310	26,667	284	19	1.992464480	0.108159906735629
1898.352699	26,647	308	24	2.060210372	0.10633364771383
1934.382533	26,649	325	29	2.127669025	0.104888924337792
2040.392886	26,620	330	23	2.238571270	0.103501104303447
1955.974093	26,631	343	34	2.160392061	0.102174315651901
2060.939975	26,629	354	25	2.280259626	0.102203977786122
2015.646271	26,629	353	21	2.213573321	0.0999771709514285
2002.896287	26,641	369	29	2.201162800	0.169252636147614
2092.365623	26,633	355	28	2.273266977	0.00282033817118636
1996.367745	26,611	320	29	2.176973289	0.00304478616248234
2010.191277	26,603	341	23	2.263878773	0.0039691567390451
1984.057206	26,667	359	27	2.296937210	0.0195136434008555
2126.623873	26,661	366	26	2.350173490	0.0151243941403593
1979.976324	26,638	333	24	2.154605342	0.0138225316428283
2000.955008	26,634	323	29	2.304356491	0.0257078624548438
2056.020247	26,638	348	26	2.259676453	0.0244428312843802
2098.379055	26,638	340	26	2.318140793	0.0240183303041211
1938.328309	26,639	322	23	2.217565330	0.0204793265304609
2014.094651	26,640	331	24	2.185501078	0.125003947555346
2094.810718	26,632	334	21	2.277250353	0.117913639739345
2031.748084	26,636	337	38	2.237061999	0.112050936244808
2204.407703	26,634	356	25	2.409045775	0.104091483344285
1779.247777	26,664	295	28	2.073911878	0.101065540191368
2002.709685	26,665	315	26	2.183005134	0.0978132392567607
1982.352593	26,657	347	27	2.199484587	0.0955178197485182
2137.520825	26,610	336	30	2.339202985	0.0922130944710855
1923.320139	26,604	341	33	2.113372716	0.0898502197307382
2085.224520	26,615	351	30	2.302542079	0.0887350895381972
1997.676306	26,622	334	29	2.190540980	0.0868201792525148
2012.585738	26,610	353	37	2.222541699	0.0850868284263479
2113.794561	26,629	362	25	2.379401039	0.0945684362666639
1957.816861	26,634	351	31	2.162721987	0.0975530816250454
2034.904343	26,634	336	28	2.248868984	0.0955487784735086
2007.282041	26,623	342	24	2.200357249	0.0981925503810206
1966.991027	26,622	341	28	2.140728943	0.0922284818671684
1767.987363	26,617	261	13	1.905585859	0.0940389639224358
1925.167533	26,623	317	29	2.116398893	0.0926720454609457
1833.281353	26,653	353	35	2.138689990	0.0910655416477661
2071.944409	26,645	337	25	2.288093046	0.0894798819507928
1970.924437	26,645	325	31	2.190802137	0.0880134634881708
2000.240584	26,647	313	30	2.180646322	0.0867991569859314
2039.798439	26,644	367	27	2.225449532	0.0835827464995143
2029.793099	26,643	342	23	2.319116394	0.0823722112952491
1919.979426	26,635	344	32	2.115911729	0.0824522244693961
2025.349481	26,633	330	26	2.215985854	0.0804822453308382
2018.636402	26,634	354	33	2.234282904	0.0807768829035281
1898.523553	26,641	344	27	2.204422818	0.0795295748973392
2137.040257	26,656	384	32	2.374592333	0.0785248552554627
1961.828936	26,662	312	31	2.151016332	0.076611016859577
2025.285099	26,665	342	29	2.222836182	0.0756930727285126
2057.086696	26,656	366	25	2.253366584	0.0249273924590966
2164.843154	26,681	345	27	2.381634139	0.01376762107099
1887.178896	26,674	320	29	2.126034655	0.015711850205533
2067.539176	26,621	365	30	2.265334639	0.0130836395561507
1978.483254	26,614	335	33	2.290539719	0.047746674614227
2034.755282	26,599	326	32	2.241178972	0.0405894157664288
1963.430262	26,598	354	30	2.248557208	0.0392319598943393
1993.051256	26,617	332	29	2.200535150	0.0325684945352502
1939.495003	26,628	324	24	2.226166057	0.0298785008289029
2007.644389	26,618	333	33	2.218212919	0.0282712911789368
2055.245374	26,627	363	33	2.272037173	0.0441362759362569
1898.999708	26,645	296	31	2.078665607	0.0486426810272121
1979.741933	26,654	332	28	2.175447368	0.0446407733288934
2054.949218	26,643	362	38	2.266395333	0.0803219381598686
2136.814224	26,643	319	22	2.325971991	0.0726953212877505
1918.825629	26,626	324	33	2.118406947	0.0564211253247404
1982.179673	26,619	366	23	2.268239485	0.0553838317558593
2066.065791	26,612	352	28	2.263200820	0.0675391423199879
2053.783569	26,620	348	33	2.248364036	0.0793656978861468
1906.549045	26,611	345	39	2.193996653	0.0672178402894966
1971.610691	26,609	315	28	2.151967791	0.17655745177712
2093.042724	26,597	346	26	2.297210800	0.056590024960626
2001.800890	26,606	337	27	2.230759700	0.379437481724419
2168.495457	26,604	358	23	2.372669953	0.104804432078298
1944.332551	26,598	331	31	2.129061433	0.107717730954769
2053.682268	26,620	366	33	2.259443167	0.102489014824352
1950.023298	26,619	340	26	2.248559709	0.109392524048117
2078.219323	26,605	351	28	2.302547688	0.125997146801723
1926.453074	26,601	343	29	2.113451190	0.118964846774857
1990.711924	26,641	348	28	2.201456763	0.110313927413556
2065.941382	26,631	347	25	2.261777554	0.108552855863346
2020.270545	26,598	343	30	2.207891503	0.106618570983809
1954.249033	26,601	316	24	2.130612046	0.103541886130445
2010.919790	26,612	331	31	2.201008170	0.105115500559151
1959.455200	26,616	294	12	2.121793685	0.100674276449364
2172.680493	26,629	360	22	2.386622676	0.106075788295074
2086.632926	26,625	323	22	2.306376959	0.107997675848514
2226.180966	26,623	332	20	2.454662859	0.104251900364387
1834.990111	26,619	336	27	2.121074902	0.0967145632824363
2013.972276	26,631	365	31	2.227217979	0.0974558823125436
1941.602781	26,646	324	31	2.244965275	0.100574741064375
2031.689271	26,643	332	34	2.233465763	0.0996368782955414
2049.164023	26,639	350	30	2.236733054	0.0192534379449295
1975.152023	26,645	303	30	2.161946532	0.0683252706198304
1970.346203	26,639	322	26	2.150590484	0.0611908984178405
1963.762592	26,629	354	39	2.188285964	0.0769878161288813
2066.018498	26,628	381	29	2.288894980	0.0712073167082281
1902.317306	26,622	331	26	2.082171920	0.0641798395600221
2028.238290	26,632	341	22	2.220262408	0.0753943431700706
2060.610933	26,628	370	31	2.262290155	0.0726948735325194
2053.690195	26,631	341	21	2.231680479	0.0665253214858859
2057.489048	26,645	331	25	2.257606159	0.0915082718843427
2001.639510	26,635	319	26	2.204101973	0.10302904551174
2071.768007	26,632	372	28	2.296435639	0.100153018478714
1983.837470	26,629	379	35	2.195884830	0.105142361962773
2124.627974	26,649	366	27	2.331810306	0.101308598322838
1954.969442	26,633	313	30	2.176395865	0.098571395511599
2027.554249	26,638	344	30	2.247077927	0.0941141775436214
2022.284262	26,629	319	27	2.218453335	0.0885750359481374
2043.091136	26,625	342	25	2.235956119	0.0859442617199737
2067.933574	26,623	356	27	2.270565842	0.0836208652496648
1985.762760	26,620	342	32	2.166483885	0.0847848909797187
2065.242025	26,635	334	35	2.290299532	0.0820443525974147
1986.181513	26,633	346	28	2.188811425	0.114688865146237
2113.392935	26,635	375	31	2.337454869	0.379219208372378
1959.834119	26,637	318	30	2.139778075	0.127291061803135
2047.192946	26,639	345	33	2.263344617	0.127127152370587
1965.931959	26,622	374	25	2.247244491	0.124548698750073
1750.715005	26,624	312	22	2.013072316	0.137268399065755
1970.150158	26,654	332	36	2.173391818	0.134362539777428
1739.391040	26,637	278	22	1.919963484	0.131804656047652
1917.650583	26,598	331	28	2.195938594	0.118385180441101
2033.888105	26,599	331	26	2.231004251	0.116542979626447
2029.316225	26,599	310	26	2.214438895	0.11477241099415
1961.131701	26,611	338	30	2.163143508	0.124107308568702
1955.300529	26,632	310	21	2.129715592	0.122017698176794
2062.355297	26,627	352	27	2.287860230	0.120063774300554
1981.686389	26,617	326	21	2.181978490	0.110730450599707
2081.396642	26,610	370	23	2.301286451	0.10861172908083
1973.962317	26,616	341	24	2.146539251	0.11594065666188
2060.012154	26,638	358	24	2.249033961	0.11425422995077
1961.702272	26,653	348	39	2.189316082	0.117148401967115
1968.149245	26,652	346	29	2.267475395	0.112368505224103
1905.554961	26,629	315	29	2.084540002	0.111065700270195
2037.297248	26,652	361	24	2.247599739	0.00303451960543883
2011.491439	26,644	346	26	2.215295949	0.0195451680549211
2185.296492	26,644	375	26	2.405839429	0.0163339895333032
1975.519438	26,620	322	29	2.181636407	0.0192012586925805
1986.017795	26,619	349	27	2.292827750	0.0388802121644315
2124.515006	26,622	362	24	2.326591362	0.0366507844040516
2001.954840	26,624	330	32	2.204948284	0.0331756871621748
1958.645341	26,615	302	24	2.141730874	0.0312522668132163
2051.051315	26,635	345	31	2.264745434	0.0338343554378976
1987.200230	26,655	313	28	2.170201594	0.0303717773932214
2126.277038	26,651	370	26	2.345453200	0.0457953490410999
2013.190966	26,656	338	32	2.244763769	0.0443032227246567
2124.955977	26,656	367	28	2.357391007	0.0432596168731287
2127.601118	26,651	343	23	2.330105115	0.0393892331466668
1984.714316	26,639	324	30	2.167545225	0.039235827078077
2007.360099	26,630	334	26	2.218053404	0.037621791698173
2054.503486	26,627	366	22	2.248301574	0.0360316919139649
2025.481486	26,631	352	33	2.227609151	0.0427382281329708
2179.949307	26,632	354	19	2.378246540	0.0428911115562646
1968.388774	26,662	320	33	2.177786472	0.102244635105128
2075.256544	26,663	337	20	2.263524523	0.113457485853664
2015.369589	26,664	348	18	2.296566226	0.108837379565357
2166.202573	26,690	331	30	2.394305761	0.127142848504118
1970.936012	26,669	328	27	2.160115602	0.132258980276823
2118.502441	26,675	336	26	2.327941377	0.117766559524828
2035.504710	26,697	358	29	2.232435652	0.11551392184024
2098.468048	26,696	344	32	2.300213047	0.123383867620987
1917.038155	26,656	345	28	2.225181623	0.120935555244407
2072.372647	26,706	362	33	2.281655779	0.118164578872268
2061.353478	26,715	334	23	2.258494173	0.108853614839102
2003.611213	26,737	353	36	2.205514384	0.106995219272916
1910.037461	26,736	308	27	2.090222125	0.112459032897254
1832.664181	26,706	288	26	2.005685388	0.110139419419704
1998.212610	26,717	310	26	2.192372683	0.10813937465536
2109.073400	26,717	378	31	2.320517425	0.103394809697241
2080.034687	26,737	345	35	2.302233595	0.106193415604388
1982.840703	26,736	360	31	2.286679868	0.104948931991095
2077.233576	26,690	321	30	2.274853242	0.104912648313031
2207.389578	26,691	390	24	2.430841068	0.102040637535708
1897.583028	26,602	331	35	2.083744121	0.105426645048743
2082.681720	26,598	352	26	2.269599805	0.10073140786231
2027.473296	26,625	341	26	2.249153296	0.102992193080638
2049.078037	26,638	343	31	2.255327352	0.00248448195560702
2112.745604	26,645	366	28	2.326005065	0.0231246253093624
1950.219465	26,636	328	33	2.138681600	0.0151772957163741
1992.636055	26,650	339	30	2.200721646	0.0134860107319719
1955.552366	26,647	359	26	2.240937302	0.0172916880258316
2212.688776	26,627	385	26	2.427342443	0.0173612331295287
1971.174479	26,630	357	36	2.172238463	0.0175051823607786
2080.577712	26,673	357	24	2.288683156	0.0236914496709908
2074.071879	26,658	367	35	2.294078966	0.0481610304592028
2129.952568	26,645	365	31	2.355604070	0.0462940155228126
1980.067980	26,658	351	34	2.186928463	0.0381990325676677
2073.879165	26,667	340	18	2.254545618	0.0352861346987553
2021.890670	26,671	337	29	2.236248486	0.0335317696853235
2179.044901	26,673	378	25	2.412295298	0.0326937410605936
1946.142531	26,673	355	34	2.143040829	0.0312599225743936
1977.438891	26,627	345	26	2.289021660	0.0405666535867408
1953.903061	26,630	382	37	2.266693066	0.0334081871206499
2179.468875	26,634	349	26	2.399244765	0.0384417835027272
1990.878409	26,629	321	32	2.181783656	0.0574405571485372
2074.056453	26,629	369	32	2.282073337	0.0339275737086713
2067.384728	26,629	310	24	2.269975507	0.035562028358952
2048.538086	26,618	357	30	2.248916381	0.0580643522199818
1997.533103	26,622	326	24	2.220737862	0.0766452056146091
2101.723466	26,642	349	30	2.313916022	0.0765833436349346
2050.836544	26,644	346	29	2.256628120	0.0781769558407906
2186.137863	26,656	351	27	2.403049355	0.0704841079184015
1922.435732	26,664	337	30	2.113719571	0.0704817874082074
2088.257279	26,657	364	30	2.319164460	0.0682567120311953
2071.859052	26,655	362	27	2.315275611	0.066830072548165
1924.871408	26,632	311	28	2.117697206	0.0681098359012969
1838.830959	26,623	294	29	1.999158240	0.0717372486968275
1766.178611	26,639	307	26	2.030817621	0.0714663932252985
2073.954145	26,645	350	30	2.271357978	0.0641706464655116
2025.695814	26,644	345	22	2.212893238	0.0632735508993448
2097.007989	26,643	379	34	2.319051889	0.0626196117687492
1870.129653	26,651	343	27	2.172459392	0.0620362853773394
2057.309257	26,645	362	22	2.268489410	0.061134879681117
2080.836935	26,642	312	17	2.269316214	0.0607753517027509
1948.403928	26,649	360	31	2.145403453	0.0604772603239145
2022.028110	26,675	349	30	2.227227352	0.0732592995369467
2086.289029	26,669	339	26	2.305415400	0.092654746096069
2096.903589	26,657	351	26	2.413073858	0.0796146064990952
2093.573301	26,655	344	30	2.298526463	0.00357709960337342
2046.964010	26,669	325	25	2.244130436	0.00347583268368056
2070.074484	26,655	337	30	2.272588948	0.0315991352709492
2277.838821	26,640	343	18	2.505107426	0.0201984269257667
2027.983308	26,646	353	31	2.252387737	0.0334609014388007
2143.904234	26,637	342	24	2.334203489	0.0289275581105006
2102.004953	26,632	301	24	2.289214969	0.0248681588566274
2136.508542	26,631	328	27	2.332602928	0.0238286250846276
1905.657320	26,636	312	29	2.093374834	0.0229505573933577
1966.603296	26,655	319	28	2.282099180	0.0292869432989446
2006.571383	26,664	365	29	2.200888486	0.0268469560723666
2113.446639	26,648	358	23	2.313020312	0.0242405820590241
1989.376591	26,647	338	26	2.179454116	0.0270886458922515
2048.841978	26,636	352	24	2.246784470	0.0307351457875373
2023.868362	26,646	332	28	2.234550404	0.0286408707700456
2100.915922	26,635	349	22	2.362886867	0.0283957214652711
1998.625789	26,632	330	21	2.181200949	0.0374226706549057
2092.065260	26,625	381	24	2.286177851	0.0373988893956537
2130.044577	26,634	384	25	2.339048507	0.0362485451041365
1997.561084	26,636	345	32	2.179799274	0.0532025910661781
2015.068122	26,628	341	24	2.207277070	0.0518873450275673
2050.892475	26,634	371	30	2.268953738	0.0507765854380921
2105.016558	26,629	346	36	2.309754403	0.0667193573964654
1967.848530	26,632	322	36	2.176738335	0.0658117335481305
1915.611039	26,630	308	23	2.100394043	0.0655465382347897
1874.176609	26,646	331	30	2.064110950	0.0668455308402674
1975.423029	26,638	330	34	2.162885587	0.0621624096217964
1828.915927	26,652	294	30	1.991950004	0.061683380135114
2045.372588	26,651	354	31	2.238861634	0.0650144802965804
2067.713921	26,651	354	25	2.265479003	0.0967175200859032
2135.213028	26,655	355	25	2.348469177	0.097305396870137
1940.324282	26,638	325	29	2.138650615	0.0951667666727717
2049.429644	26,643	359	28	2.264037002	0.0995222450314447
2006.855466	26,633	327	29	2.189268858	0.0923470803266251
2076.570036	26,639	342	29	2.416863647	0.102311927629844
1909.681155	26,649	339	36	2.100860711	0.0905441415481074
2049.985136	26,659	355	25	2.249695536	0.0897006736286838
2043.037895	26,638	364	34	2.258338472	0.105683367226168
2116.238930	26,628	373	28	2.334470117	0.0965615563586889
1929.195562	26,634	331	31	2.116399419	0.0877552457373566
2033.187906	26,638	352	30	2.244120361	0.0897303975440125
1963.685560	26,636	370	33	2.199129453	0.0869718341412385
2132.336710	26,634	389	29	2.340392240	0.0037619255845308
1855.375014	26,631	359	36	2.143564103	0.00411261202221365
1988.401345	26,634	336	25	2.171056290	0.00373823751304024
1916.159990	26,635	346	29	2.206217888	0.00401902891541441
1967.602771	26,631	360	35	2.168202640	0.00499421765840399
2089.005686	26,641	358	29	2.308409510	0.00442630846224016
1888.629073	26,634	320	28	2.068635851	0.00446835309025542
2009.828206	26,622	348	31	2.215054432	0.00433846614538054
2021.964013	26,618	346	31	2.237212871	0.0112201076387266
2143.298058	26,638	382	28	2.367685043	0.010508463969718
1891.445667	26,641	348	27	2.185615947	0.0212000096329892
2078.233737	26,639	340	28	2.267697311	0.0188066970611764
2021.631534	26,628	343	30	2.216670309	0.0200461417733433
2166.492839	26,630	340	20	2.365743236	0.0210215569072246
1956.769196	26,627	332	31	2.148336859	0.0210282724069049
2059.702773	26,624	325	21	2.244705213	0.0206383761860938
1860.053629	26,619	305	31	2.043326127	0.0210279808716192
1929.656185	26,626	336	33	2.135613443	0.016996112314891
1728.353885	26,640	257	15	1.881155346	0.0307314988079939
1913.987195	26,636	336	27	2.103824426	0.032002943406803
2036.123903	26,634	360	27	2.221436504	0.0289491511764431
2098.013208	26,611	347	27	2.312852282	0.0523781807618508
1939.085850	26,611	348	42	2.152985545	0.0512240202666848
2027.501344	26,608	329	29	2.225466856	0.0551597144743326
1989.401789	26,612	340	34	2.186113165	0.0598500310989592
2155.037801	26,615	370	25	2.373609224	0.0571179181078693
1967.958925	26,633	333	28	2.155568202	0.0541229009026899
2053.353806	26,647	344	32	2.264940481	0.0546304340635324
2100.475572	26,655	350	27	2.323074146	0.0597479169605575
2062.284474	26,646	336	25	2.256797650	0.0572785897691452
2020.867731	26,641	338	29	2.218515378	0.0638402903236529
1982.492560	26,640	309	26	2.173977397	0.0591994457962126
2030.944003	26,642	341	29	2.229983058	0.0537337009963421
1978.373746	26,628	379	25	2.192554324	0.0527423822504453
2124.038589	26,635	353	23	2.317165200	0.0519938125942879
1950.997294	26,698	343	31	2.157868955	0.380074503144828
1982.221547	26,686	337	25	2.256600103	0.0662937380278806
2039.206471	26,674	323	22	2.211618353	0.0848086156983646
2142.400398	26,673	329	21	2.349589212	0.0854566164785115
1929.183869	26,652	326	41	2.123881819	0.0858023966452997
2086.998496	26,657	344	21	2.267617392	0.084323736124613
2022.940242	26,669	362	32	2.238640167	0.105249057179428
2104.595478	26,628	381	27	2.310452721	0.0913986756891633
1803.094780	26,638	300	29	2.066234668	0.0673565777627118
1978.132595	26,635	318	24	2.146959198	0.055962231449484
1975.696393	26,645	353	35	2.171278221	0.0491171933252723
2134.931121	26,637	371	26	2.350946928	0.0441198588788652
1961.813894	26,603	325	27	2.158450508	0.0405378949414005
2042.038743	26,604	347	33	2.266884982	0.0376960158503255
2045.846025	26,615	386	39	2.286402502	0.0354923868856385
2028.695354	26,617	366	38	2.256375043	0.0495683730750358
1980.538278	26,616	332	30	2.191256663	0.0457088928351201
2074.683408	26,606	346	27	2.276292777	0.0476770177190351
2040.642115	26,603	322	27	2.238139048	0.0432132039834226
2065.859316	26,608	339	28	2.267909234	0.0414936997490458
1996.750300	26,633	332	27	2.205003131	0.0400011781706495
2076.546510	26,637	324	31	2.279294645	0.0386829451950973
2019.318636	26,631	349	20	2.328050591	0.0451125412866116
1848.364375	26,628	323	33	2.127396253	0.0379092332444343
2037.696834	26,636	344	24	2.224440734	0.0412502921777905
1976.586655	26,628	339	25	2.259893091	0.0594276172229271
2027.098183	26,619	333	24	2.233158849	0.0583446486471626
2055.517984	26,636	343	27	2.242696328	0.0571268517340201
1878.342787	26,611	292	18	2.156368228	0.0550803698509757
1795.765275	26,625	301	29	2.083453215	0.0651023614237364
1887.798909	26,621	336	32	2.108815822	0.0631908855922428
1944.038621	26,631	323	26	2.126458753	0.0618445700054238
1970.478797	26,624	323	39	2.158296283	0.0622467771372595
2037.588202	26,624	312	25	2.252001780	0.0594752125579528
2009.975978	26,637	342	35	2.245895020	0.0584304933625196
2146.218817	26,645	323	26	2.334748790	0.0576090075730859
1961.099994	26,648	355	37	2.154253759	0.0603936357633225
2039.959700	26,651	332	30	2.233117013	0.0589524369089437
2027.108230	26,619	356	32	2.245308951	0.0577372066998338
2146.659306	26,614	348	24	2.365620826	0.0566817167006837
1905.469689	26,643	330	33	2.100354208	0.056295512143641
1997.647579	26,642	349	32	2.220029449	0.0565412067914962
1981.750651	26,631	335	28	2.165219398	0.0533236913130497
2048.911829	26,635	343	19	2.241009367	0.0528545011983739
1821.690059	26,640	285	31	2.109351455	0.0570734919336324
2009.852828	26,650	331	29	2.220489266	0.051409599274596
1998.904742	26,658	351	30	2.210419131	0.061790116432302
2163.703149	26,699	383	25	2.397213226	0.0643121218293055
1936.672453	26,672	343	38	2.134969017	0.0641744636978317
2104.811513	26,647	375	29	2.313937192	0.0196098755017045
1956.093907	26,629	323	28	2.257739782	0.0224955744129025
2102.804336	26,635	359	27	2.323998101	0.0244114684960696
1979.109542	26,625	357	37	2.198504170	0.0480643460258922
2058.984424	26,632	368	23	2.278842499	0.0418463930195231
2043.460251	26,610	357	29	2.234923076	0.0389859240440432
2152.965480	26,610	353	29	2.364369810	0.0327037298262263
1962.166655	26,628	352	34	2.150691038	0.0305338414660711
2066.408429	26,619	338	23	2.272804045	0.0296626123908058
2189.457496	26,627	336	20	2.419050295	0.028318834631294
2195.244617	26,632	316	14	2.389511039	0.0274014574272819
2055.710042	26,635	326	26	2.250595048	0.0276481714920787
2033.004945	26,630	335	24	2.266807151	0.0428150063280215
2052.985878	26,641	334	32	2.261274855	0.0414265011279447
2183.985534	26,640	355	27	2.394856997	0.0312563220861235
2008.586478	26,655	334	31	2.207930321	0.0303010649816659
1858.110299	26,653	333	19	2.151774166	0.0294427401597619
2019.128245	26,662	340	24	2.205652027	0.0288491788669866
2008.333497	26,652	318	25	2.208477643	0.0608253048444949
2110.377720	26,618	350	26	2.313103140	0.0593417146553538
2054.046465	26,635	364	27	2.265150624	0.0711654170463874
2067.354851	26,667	343	34	2.277218983	0.0763014312309978
2018.645980	26,656	316	27	2.311863443	0.0747067120751718
2032.837605	26,655	352	25	2.221431127	0.0734075401439586
2037.435166	26,664	319	20	2.219098378	0.0719151433992685
2105.422146	26,653	348	32	2.322156653	0.0715888471234083
2047.266207	26,647	383	33	2.255764289	0.0810680158577181
2086.743853	26,668	346	26	2.312982204	0.0796218667603376
1983.368228	26,673	357	28	2.201558214	0.0785877869104434
2067.498390	26,657	349	28	2.275221077	0.0773272475784507
2014.555367	26,644	316	28	2.207275821	0.0865735173041235
2084.442855	26,646	340	25	2.278026377	0.0856332748948546
1964.801697	26,648	353	25	2.165641854	0.084549429954273
2014.310535	26,676	337	18	2.210408414	0.0835535655345832
2021.502765	26,685	329	34	2.231416751	0.0968536359143618
2150.544938	26,665	341	19	2.369331290	0.0956778182708199
1931.506647	26,675	348	42	2.134980185	0.0945444087409529
1945.121680	26,671	306	24	2.248791397	0.0928816178334238
2004.106070	26,669	332	28	2.187455727	0.0918249283911003
1995.553042	26,633	327	31	2.210576925	0.104055707858414
1807.592945	26,626	310	25	2.077165388	0.0993832461273087
1924.545602	26,614	337	26	2.207530201	0.0977813030272168
2047.882856	26,640	348	33	2.256067439	0.00386448553339406
2173.184639	26,643	371	24	2.403046046	0.0167181441166877
1982.559188	26,642	357	34	2.193643501	0.0141231457135056
2072.108564	26,623	344	27	2.281979798	0.0385526858376754
2019.844335	26,611	391	27	2.214488136	0.0498178091434138
2154.014825	26,651	354	22	2.367596357	0.0437634859186636
1955.392139	26,646	328	33	2.144231584	0.0402128787101239
2069.898005	26,636	345	28	2.274377912	0.0363982408905313
1985.717573	26,642	361	27	2.291778065	0.0338923839876559
2183.711608	26,630	357	18	2.385578190	0.031581493730222
1986.447553	26,632	333	33	2.175407474	0.030878912226974
2073.376133	26,633	357	27	2.268729955	0.0314127104136093
2059.892586	26,637	349	24	2.250297065	0.0303883118742057
2044.691881	26,643	352	24	2.224482458	0.0288601419671742
2001.004912	26,646	353	24	2.198004449	0.0413275956189269
2079.337156	26,628	351	21	2.272059368	0.054168450432211
2060.924637	26,627	349	26	2.273034170	0.0455635730332998
1951.744887	26,635	370	34	2.270758476	0.037452235737549
2025.884286	26,629	308	25	2.204282678	0.0353235161951042
1984.044385	26,620	331	26	2.268153191	0.052969696978594
2000.456965	26,619	319	31	2.206807468	0.0519078973702032
1819.545746	26,628	291	28	1.982102604	0.383758007421482
1825.935795	26,623	306	25	2.009226503	0.0624081427820181
1922.789063	26,640	291	25	2.124757200	0.0611062434576
1933.015270	26,645	349	32	2.250917679	0.060212391123252
2085.264850	26,581	351	34	2.314161621	0.0723333497874146
1969.380308	26,598	355	32	2.170343932	0.0714442884632452
2057.262408	26,622	346	20	2.217285733	0.0700820605625796
1985.875646	26,631	363	38	2.202872986	0.0688415680962661
2139.244520	26,596	351	20	2.341322398	0.0676301753892704
1908.303852	26,610	307	29	2.096353958	0.0665609501527028
2029.188101	26,593	354	24	2.241728215	0.0654777790836928
2037.302998	26,592	341	24	2.235309648	0.0644582156832271
2020.045326	26,597	327	29	2.219693498	0.063500396376648
1764.813747	26,591	312	23	2.042545197	0.0628047188676303
1804.848694	26,590	281	20	2.071759406	0.0723196971993313
2123.915561	26,607	355	24	2.344976642	0.0646390221831303
1917.461048	26,632	332	31	2.122522080	0.0635230579214996
2000.382706	26,630	344	32	2.242470272	0.0623506561036597
1977.922418	26,621	317	30	2.166965911	0.0809930268552877
2117.901209	26,629	355	26	2.339366228	0.0798891059732914
1881.121767	26,654	323	33	2.062203247	0.0789339679112103
2121.316351	26,667	364	26	2.319114366	0.016608748894881
2023.400447	26,651	356	25	2.210880263	0.0228342031526276
2178.005290	26,637	379	30	2.406733725	0.0225797727806596
1936.565279	26,639	330	33	2.119554995	0.0219345582076009
2062.901639	26,647	358	35	2.280641266	0.0216021029017745
2015.058926	26,617	344	33	2.255630339	0.0210987170753763
2158.676344	26,614	375	27	2.384236422	0.0206412111865887
1981.339467	26,627	352	39	2.192123565	0.0450384430553493
2023.748768	26,621	340	32	2.257946517	0.040437519191302
2031.396126	26,627	345	28	2.235259326	0.029893026103239
2065.685030	26,623	358	29	2.275330221	0.0349859391775843
2105.104804	26,656	394	26	2.304943426	0.0326340918768708
2021.610515	26,650	331	25	2.204376789	0.0330266375472327
2065.656550	26,631	338	22	2.251218496	0.0285809962195752
2030.767233	26,623	346	33	2.244859557	0.0356576134349962
2147.132950	26,641	344	30	2.382570589	0.0347602443028898
1914.745239	26,631	321	28	2.081543693	0.0339498668980383
2055.000866	26,614	338	29	2.246351578	0.0303951174180541
2063.524158	26,612	373	32	2.264094124	0.0335336330873382
2065.709268	26,622	358	28	2.253344692	0.0325485445132004
1777.692756	26,614	276	25	1.938063426	0.0352929370495777
1779.515654	26,629	312	26	2.048996500	0.0379773651749381
1856.082943	26,636	327	34	2.021589273	0.0600059779384086
2167.964634	26,634	367	20	2.391421042	0.0586128680321578
1955.005711	26,633	337	29	2.135980321	0.0606641361862318
2070.424303	26,660	359	26	2.289704845	0.0760833963166001
2004.551914	26,664	332	30	2.311164429	0.0673909815415888
2057.353689	26,668	342	20	2.249370608	0.0666451371793745
2057.435492	26,663	328	23	2.253043133	0.063696305932928
1986.128180	26,618	328	28	2.180419632	0.066916560271568
2018.283086	26,621	356	22	2.215326953	0.39656682318333
2018.328027	26,660	349	32	2.223638128	0.0897119224906611
2110.416783	26,618	363	19	2.319589040	0.0867321658907924
1921.585260	26,618	339	35	2.119673389	0.0863299259374982
2053.261530	26,622	364	32	2.268679315	0.0853587111063028
1961.045684	26,637	354	35	2.283298609	0.0930029775822232
2135.580483	26,639	324	26	2.369603300	0.0982558709504656
1898.721793	26,611	335	28	2.103218055	0.0857107844399422
2032.863189	26,618	315	25	2.242591236	0.084640125261181
1961.184340	26,622	355	33	2.174336218	0.083073361154407
1983.666997	26,602	360	30	2.286660213	0.087978154167727
1882.376002	26,606	310	24	2.043425876	0.0868018841796579
2097.821658	26,634	375	31	2.316925929	0.00198707481302874
2080.026273	26,631	363	28	2.280787509	0.0288201302201583
2194.787887	26,634	338	17	2.389587661	0.0179333014973378
1994.721081	26,634	348	31	2.215092454	0.0162103054433475
2085.424828	26,621	319	19	2.275305422	0.0835941531734431
2108.786489	26,629	358	27	2.313662424	0.0773749799899624
2071.139449	26,630	339	26	2.281782683	0.0844896973126452
2039.610310	26,632	368	32	2.240387894	0.0792634974613906
2120.188815	26,643	338	27	2.335967918	0.0747065782894242
2046.773530	26,638	372	25	2.266883619	0.0673313434940028
2150.845330	26,641	343	19	2.397115912	0.0640828549228419
1953.883166	26,644	353	31	2.152869612	0.0768203887010586
2076.311280	26,645	343	30	2.307046530	0.0593161720283419
2117.175364	26,641	351	25	2.337332279	0.061009484606621
2129.763044	26,646	340	23	2.358548388	0.380853683336074
1848.579357	26,669	288	21	1.993234676	0.105439948243165
1834.720385	26,669	279	19	1.985888221	0.102604581006918
1867.778466	26,639	318	25	2.030058807	0.116135712155774
1925.447250	26,638	331	31	2.121134204	0.112621008675345
2269.184147	26,639	368	24	2.507388205	0.0971161324557602
2041.638481	26,630	351	30	2.258091736	0.0945855538566595
2088.426518	26,623	334	26	2.289950603	0.092408019124613
2109.381247	26,629	349	36	2.335521914	0.0981286943774254
2128.530823	26,656	336	18	2.324731538	0.0962300666182218
1973.318735	26,643	353	32	2.191979328	0.0934450969885305
2037.634173	26,659	329	25	2.231648466	0.0933676663819427
2103.026769	26,661	348	23	2.303032250	0.0945155017267514
2100.113726	26,644	362	20	2.315929730	0.0929506407646204
2210.261532	26,643	379	26	2.436511355	0.0877369122746991
2102.297900	26,651	345	30	2.346781406	0.0862635588715108
2178.012897	26,655	332	17	2.376626927	0.100507869637429
2131.239208	26,640	333	22	2.394148027	0.100462391664319
2034.848965	26,630	335	34	2.258568551	0.111929346069813
2025.456279	26,644	343	24	2.217838114	0.11050235115054
2118.388266	26,650	353	26	2.332646827	0.104711749185132
2025.471908	26,651	338	22	2.216635007	0.102626612302338
2145.755622	26,645	361	24	2.358785355	0.101213350469295
1922.476616	26,668	305	26	2.086904283	0.100078279952424
1986.941603	26,667	322	31	2.175686159	0.0989397606562512
2005.795839	26,670	334	23	2.174324190	0.0996803780004952
2028.414370	26,671	321	31	2.225881369	0.0966506775148632
2007.761405	26,670	334	31	2.214556318	0.0958227935269907
2036.278938	26,655	351	29	2.363235310	0.03720874192281
1932.960754	26,659	341	32	2.245244175	0.0166263327392712
2101.444521	26,658	360	23	2.311297129	0.0181383571471086
2035.692100	26,646	350	33	2.242253888	0.12334084358899
2054.753811	26,655	317	22	2.231174544	0.121883244562677
2067.980664	26,646	342	23	2.261894383	0.111911974995711
1880.255542	26,643	317	28	2.173428055	0.105166577860409
1961.678319	26,670	332	37	2.165065702	0.0938745438879199
1696.317944	26,673	287	24	1.959250390	0.0887073874273396
1897.969018	26,643	308	31	2.086537282	0.0920910468349968
2053.034167	26,645	360	28	2.245144192	0.0877925576669928
2165.622417	26,660	324	20	2.387449507	0.0793267752867679
1980.911870	26,665	359	29	2.170084671	0.0762466192525826
2043.060428	26,659	371	32	2.253772145	0.0735486904148707
2061.987339	26,669	342	31	2.284939094	0.0794542549754454
2037.260620	26,658	343	28	2.242355475	0.0769736089310996
1908.628793	26,653	321	20	2.174960583	0.0699445368007459
2107.688629	26,656	345	23	2.311073244	0.0679039965170159
2057.986277	26,680	341	33	2.254638711	0.0660589102202459
2182.704255	26,658	342	21	2.368793786	0.0643889036476582
1936.596286	26,636	329	31	2.115915105	0.063101376658018
1982.692906	26,636	328	26	2.266992233	0.061800849616488
2079.042430	26,649	337	30	2.292256190	0.0702108546108797
2103.073857	26,679	369	27	2.308038548	0.0679866103461184
1977.353713	26,689	357	34	2.192499801	0.0670637839479663
2054.115290	26,691	318	23	2.239428716	0.0654005472197511
2068.901033	26,688	341	30	2.268024984	0.0641573577513915
2031.732625	26,643	331	27	2.224790231	0.0630362502063523
2159.088300	26,639	339	18	2.370180019	0.0620966036429475
1876.760937	26,628	335	32	2.187709500	0.0670686383716046
2014.952803	26,632	340	20	2.241381924	0.0661885203326382
2026.362535	26,669	336	26	2.217078518	0.0739007945045707
2099.488365	26,668	343	24	2.299830287	0.0725215666542525
1866.811707	26,672	330	28	2.055832866	0.0749689233414328
2022.976417	26,686	330	24	2.211308057	0.37820684960614
2026.408328	26,735	364	30	2.227071903	0.0851364580871716
2043.473782	26,705	365	29	2.254704434	0.0836177324178906
2048.679841	26,715	369	26	2.356608313	0.0821326513839398
2000.489104	26,714	338	28	2.204277728	0.0825386692948378
2163.404137	26,673	322	21	2.395463042	0.0817087832901176
2139.146228	26,670	355	26	2.340059105	0.0817030706856109
1970.037827	26,713	328	29	2.162468079	0.0808754284838848
