1298113.6103896	1496619.4571429	25356.127272727	302426.36103896
1286566.2167353	1493760.8175583	25770.0521262	310457.31138546
1285705.6707317	1493027.3780488	25787.201219512	310559.56097561
1285487.8428805	1492918.2520458	25801.852700491	310648.34042553
1284490.5728988	1492028.9811321	25817.934819897	310737.40651801
1284352.6174497	1491984.3825503	25827.208053691	310819.48322148
1284095.7406143	1491835.9795222	25840.600682594	310911.01706485
1285472.1331115	1493320.9184692	25859.886855241	310996.30615641
1288869.0266667	1496823.5866667	25870.52	311091.76
1286547.7077922	1494604.2402597	25885.162337662	311181.33116883
1288032.093178	1496194.3094842	25896.445923461	311271.07487521
1286665.8259442	1494928.3021346	25911.54679803	311355.40229885
1286922.8270181	1495296.0856672	25929.70675453	311441.41021417
1285556.314239	1494061.1587561	25962.972176759	311531.57446809
1284708.9396411	1493321.4942904	25973.774877651	311623.19738989
1283807.2145215	1492517.339934	25986.02640264	311708.99009901
1283283.3233831	1492104.2321725	26001.114427861	311799.86733002
1281380.6765189	1490308.4137931	26017.990147783	311887.42200328
1284876.4781145	1493911.2727273	26033.232323232	311978.28282828
1285084.7794872	1494242.1470085	26049.586324786	312076.4034188
1282422.7178631	1491692.0200334	26068.514190317	312163.41235392
1283760.4436975	1493119.092437	26084.430252101	312236.05378151
1286988.4512821	1496460.3213675	26102.461538462	312332.86837607
1286957.0375427	1496527.1194539	26115.303754266	312415.88395904
1279569.0109204	1489256.4680187	26133.141965679	312510.15912637
1284423.5379538	1494193.5511551	26147.201320132	312580.02640264
1284693.1720613	1494583.9454855	26163.890971039	314979.91141397
1283817.0472973	1493826.9594595	26174.040540541	315088.18918919
1276468.7402799	1486597.7107309	26195.191290824	315183.65163297
1284655.2702238	1494863.2908778	26209.721170396	315246.23063683
1280536.5171849	1490871.6661211	26226.153846154	315353.12602291
1283432.3487179	1493855.3504274	26240.793162393	315421.18974359
1278840.9967846	1489382.6623794	26257.054662379	315524.85530547
1278625.2371795	1489254.1025641	26272.788461538	315593.12179487
1278696.7793881	1489440.8888889	26289.249597424	315687.95491143
1283573.1399317	1494418.9897611	26297.563139932	315776.62798635
1275002.9939394	1485978.3333333	26307.36969697	315896.80606061
1278306.6601942	1489361.5598706	26313.851132686	315964.70550162
1274262.0060976	1485432.554878	26327.597560976	316062.75609756
1274563.2952087	1485841.3415765	26343.041731066	316152.06800618
1279397.9607843	1490810.2222222	26373.490196078	316252.45098039
1273492.1578149	1485031.4719272	26401.019726859	316346.34901366
1283189.5120275	1494824.2268041	26415.670103093	316428.41924399
1282306.3396226	1494092.9331046	26433.22813036	316558.4974271
1282576	1494476.173913	26451.217391304	316650.17391304
1281595.6621622	1493601.3851351	26469.439189189	316732.15540541
1281552.8231293	1493666.4489796	26482.93877551	316823.17006803
1281669.6502547	1493883.959253	26495.898132428	316907.10356537
1281776.9054054	1494101.7702703	26506.195945946	317002.52702703
1281332.1966102	1493760.1762712	26523.274576271	317090.56271186
1280326.7692308	1492858.6220736	26537.658862876	317175.58528428
1279886.8571429	1492528.8903654	26554.571428571	317261.00996678
1279875.1281198	1492625.703827	26573.544093178	317350.20965058
1281497.6442142	1494351.357513	26590.203799655	317432.98791019
1281122.8231293	1494092.8843537	26604.897959184	317529.11564626
1279755.0456853	1492830.0236887	26620.96108291	317619.39763113
1279253.6175973	1492431.2554992	26637.482233503	317699.2893401
1279898.4201681	1493169.4588235	26649.405042017	317783.07226891
1279229.2359932	1492614.5874363	26666.383701188	317874.86587436
1279340.722973	1492836.6959459	26679.432432432	317965.61486486
1273510.6941363	1487126.4025357	26701.806656101	318056.83042789
1279495.973064	1493204.1346801	26715.878787879	318137.38720539
1279984.4467005	1493808.927242	26734.084602369	318230.28087986
1276762.6799337	1490693.4925373	26747.422885572	318320.47097844
1279068.9520548	1493102.6917808	26765.219178082	318400.91780822
1272520.7519747	1486663.507109	26778.862559242	318496.54976303
1272998.8082409	1487242.0285261	26797.515055468	318574.53565769
1278497.5348048	1492844.5908319	26806.505942275	318665.09337861
1272581.8510301	1487051.0554675	26820.824088748	318768.67194929
1278175.3648649	1492734.8783784	26831.824324324	318846.89864865
1272356.3508772	1487033.2822967	26850.162679426	318947.476874
1278667.5857385	1493443.4023769	26863.925297114	319023.37521222
1270695.2074303	1485589.9071207	26873.275541796	319129.82662539
1278286.8619529	1493269.7777778	26881.508417508	319208.25589226
1278139.5361345	1493244.4369748	26898.4	319314.25210084
1270102.059098	1485311.029549	26911.98755832	319402.71228616
1276486.8940397	1491794.5231788	26930.801324503	319478.37086093
1270435.882716	1485847.3703704	26939.166666667	319573.93209877
1269861.003096	1485377.0959752	26949.498452012	319658.19814241
1275361.2105263	1490993.4671053	26963.25	319757.88157895
1269367.0479134	1485115.61051	26974.207109737	319859.60432767
1274945.495082	1490790.9245902	26992.498360656	319935.19344262
1274121.2703583	1490094.1172638	27007.309446254	320041.44625407
1268806.5341615	1484890.4223602	27026.416149068	320126.76397516
1278404.5615251	1494588.4298094	27044.242634315	320207.94454073
1277759.047619	1494085.2380952	27062.591836735	320332.62585034
1278560.0277296	1494995.6117851	27075.611785095	320421.85788562
1277482.2298456	1494021.8044597	27093.591766724	320508.24699828
1277726.2551724	1494366.9517241	27106.868965517	320593.24827586
1277073.3651877	1493816.778157	27124.464163823	320670.94880546
1277595.1316239	1494449.2102564	27138.317948718	320765.48376068
1277681.1793103	1494640.262069	27154.531034483	320848.68965517
1275667.1877133	1492729.0238908	27165.740614334	320936.85324232
1277183.9790941	1494334.3414634	27171.198606272	321017.00348432
1277775.1764706	1495032.1245675	27180.525951557	321110.58823529
1277773.858864	1495129.8244406	27196.743545611	321193.31497418
1277313.7504394	1494776.801406	27212.133567663	321276.03514938
1277046.7526132	1494607.6027875	27228.048780488	321355.7630662
1276595.0121739	1494257.106087	27246.08	321441.45391304
1275750.6689537	1493511.1080617	27259.135506003	321522.73756432
1272848.0871022	1490724.4891122	27281.085427136	321611.13567839
1276275.2110727	1494249.6539792	27294.892733564	321693.10726644
1268731.9098229	1486816.3220612	27312.68921095	321786.71819646
1273117.5008375	1491301.6683417	27327.115577889	321865.68174204
1269073.3924051	1487373.4113924	27345.651898734	321959.64556962
1275804.1927711	1494202.746988	27359.86919105	322043.82099828
1268670.5356577	1487201.0713154	27378.339144216	322148
1268942.647619	1487558.8952381	27392.742857143	322218.34285714
1268282.0224719	1487019.4927769	27413.078651685	322312.68057785
1267327.778481	1486167.6329114	27430.607594937	322397.77848101
1268181.2101911	1487140.6305732	27446.261146497	322498.22929936
1271315.7462437	1490386.6310518	27464.45409015	322588.10684474
1274879.5716753	1494058.3765112	27478.321243523	322679.86873921
1273705.8958333	1493004.5555556	27495.104166667	322775.625
1274160.4305556	1493554.7847222	27509.097222222	322858.84027778
1266786.6330709	1486292.2267717	27525.505511811	322948.41574803
1266450.1240064	1486043.2432432	27540	323022.48012719
1266059.0126582	1485761.3481013	27556.683544304	323105.97468354
1274228.5643739	1494047.0687831	27571.132275132	323199.97883598
1265568.2866242	1485516.7515924	27589.203821656	323309.27388535
1265891.4716981	1485930.1320755	27604.446540881	323382.98113208
1272951.7671233	1493101.2671233	27620.561643836	323472.14383562
1270817.0915254	1491081.5728814	27630.888135593	323573.87118644
1265151.0062893	1485508.9496855	27641.339622642	323652.83018868
1265390.3636364	1485851.3291536	27664.12539185	323734.21316614
1264478.2075472	1485045.3522013	27679.572327044	323821.3081761
1274017.0383275	1494695.2264808	27696.327526132	323913.07317073
1273539.7758319	1494368.2872154	27712.126094571	324041.23992995
1273217.3678756	1494151.2055268	27721.077720207	324133.31951641
1272649.1468531	1493676.3426573	27731.132867133	324212.94405594
1273114.6007067	1494253.8162544	27748.282685512	324303.15194346
1273006.7132867	1494240.1048951	27762.062937063	324382.6993007
1273494.5824561	1494846.2947368	27782.673684211	324474.20350877
1272328.2443281	1493775.7277487	27795.434554974	324557.48691099
1272590.3587922	1494131.4031972	27806.095914742	324639.95737123
1271140.8934708	1492783.580756	27820.281786942	324720.36426117
1270892.0343643	1492635.7319588	27836.254295533	324802.35051546
1270664.656304	1492510.8255613	27853.360967185	324884.86355786
1270009.6802721	1491959.4421769	27864.034013605	324975.26530612
1271364.3769634	1493417.4938918	27882.457242583	325056.78184991
1269851.7880342	1492019.3094017	27899.71965812	325146.89230769
1272431.6785714	1494692.8142857	27917.05	325220.15
1269135.8711864	1491515.5864407	27927.525423729	325325.23389831
1271177.7283951	1493650.4056437	27945.982363316	325394.38447972
1267835.2683761	1490423.9316239	27959.282051282	325493.00512821
1268167.585034	1490842.1632653	27977.326530612	325558.10884354
1267678.9251701	1490461.3605442	27990.972789116	325650.7414966
1267465.9494098	1490360.5193929	28009.200674536	325740.87689713
1271243.0035088	1494244.7298246	28026.940350877	325828.38596491
1267322.6941581	1490438.5085911	28043.621993127	325923.03780069
1267446.6643836	1490640.7123288	28050.260273973	325998.31506849
1263149.1642276	1486434.9788618	28056.715447154	326077.52845528
1271362.2144112	1494744.6467487	28064.731107206	326169.35676626
1268405.9930796	1491910.8235294	28076.062283737	326269.12110727
1267951.1780822	1491550.8424658	28086.589041096	326348.42465753
1269920.4255319	1493631.9716312	28108.042553191	326427.57446809
1262141.7647059	1485977.2418301	28130.869281046	326525.11764706
1270487.9857398	1494405.2620321	28141.932263815	326592.32798574
1261278.3727715	1485322.9432739	28153.076175041	326703.83792545
1264951.6521739	1489077.3377926	28170.956521739	326767.28428094
1261290.5232745	1485531.4927769	28186.49117175	326861.79775281
1261766.9773463	1486107.3656958	28205.236245955	326942.00647249
1266369.8225256	1490823.2832765	28219.720136519	327037.59726962
1269946.787234	1494522.5248227	28238.262411348	327135.66666667
1268022.2837128	1492718.8301226	28255.558669002	327234.33975482
1269635.9214286	1494435.65	28274.971428571	327314.14285714
1267247.9304348	1492152.4521739	28288.549565217	327404.26434783
1265593.533101	1490592.0557491	28305.080139373	327478.56445993
1269527.7726465	1494622.1101243	28318.500888099	327559.75133215
1268765.6285714	1493992.75	28337.492857143	327671.05714286
1268894.9175627	1494218.5376344	28348.186379928	327756.27240143
1269837.2882562	1495261.3380783	28361.096085409	327841.00355872
1268887.0818505	1494414	28375.266903915	327923.78647687
1268184.5735027	1493810.9328494	28393.045372051	328002.72232305
1268507.2831541	1494236.1362007	28406.430107527	328090.75985663
1268299.5956679	1494132.4765343	28423.610108303	328174.2599278
1267978.7311828	1493913.1756272	28437.562724014	328258.37992832
1267451.074141	1493480.3254973	28454.025316456	328336.77396022
1267522.9875223	1493654.0962567	28468.770053476	328418.62388592
1267395.3227513	1493624.1834215	28484.641975309	328499.33686067
1266260.7033748	1492591.7939609	28497.392539964	328587.24689165
1265881.4493783	1492300.6465364	28500	328668.12078153
1266011.7469244	1492525.0052724	28506.678383128	328751.52196837
1266063.8601399	1492673.5734266	28519.944055944	328830.41958042
1265044.8857645	1491765.7363796	28538.446397188	328919.01581722
1264842.3392226	1491663.4699647	28551.780918728	329006.4664311
1265900.2175439	1492827.0807018	28570.196491228	329089.31929825
1264176.3769634	1491203.5183246	28583.762652705	329172.66317627
1263985.4142114	1491120.3882149	28604.908145581	329255.6187175
1264119.0567986	1491344.4268503	28615.703958692	329334.44406196
1263466.2013889	1490799.125	28630.215277778	329424.40972222
1263957.6568458	1491379.3414211	28643.771230503	329497.85095321
1262786.4493997	1490322.7512864	28662.641509434	329586.37392796
1262806.6735395	1490446.1924399	28676.144329897	329671.58075601
1262319.9931034	1490061.4551724	28692.262068966	329754.19310345
1262437.5765921	1490288.7986231	28708.798623064	329842.13425129
1258563.7039474	1486524.8486842	28728.986842105	329928.90789474
1262246.7317073	1490310.7665505	28746.620209059	330010.57839721
1261757.7435897	1489925.3196581	28761.941880342	330098.85811966
1261109.3651877	1489381.447099	28779.576791809	330181.95904437
1261607.7989601	1489976.7764298	28794.301559792	330262.45407279
1261451.0050761	1489926.5854484	28812.047377327	330348.41962775
1261757.0790378	1490345.2371134	28826.529209622	330444.70790378
1257129.5479675	1485827.8829268	28853.222764228	330523.96097561
1256748.7895595	1485551.0734095	28866.949429038	330612.96574225
1260533.5793103	1489445.4482759	28876.917241379	330703.74482759
1257187.4688525	1486209.1278689	28895.659016393	330790.98360656
1256795.1575456	1485918.2023217	28911.84079602	330872.89552239
1256577.6260163	1485811.102439	28929.014634146	330965.17723577
1256368.7332242	1485710.7888707	28947.031096563	331051.45008183
1264662.344086	1494111.562724	28962.279569892	331138.75268817
1265226.2086331	1494822.0359712	28978.748201439	331266.18705036
1263903.7028986	1493603.1014493	28989.862318841	331354.73913043
1264963.409009	1494745.9099099	28995.401801802	331431.29369369
1264176.8913043	1494058.8695652	29004.630434783	331515.15942029
1263298.8581688	1493273.443447	29020.359066427	331590.20466786
1264410.5434783	1494486.1376812	29034.297101449	331675.60144928
1263004.9395018	1493181.4661922	29047.217081851	331759.13879004
1263441.7666068	1493715.6552962	29064.998204668	331838.31956912
1264544.2238267	1494921.5162455	29078.324909747	331922.98916968
1263597.7287523	1494083.1320072	29099.009041591	332007.91320072
1261914.6714286	1492501.6142857	29113.371428571	332086.57142857
1262080.7079646	1492763.4831858	29130.102654867	332165.91858407
1260420.6067019	1491206.4550265	29145.206349206	332250.95590829
1259712.6959578	1490596.1827768	29161.708260105	332334.14411248
1263137.0797101	1494114.5797101	29176.695652174	332410.18115942
1260683.8010657	1491785.2291297	29192.48312611	332510.87033748
1263644.7749077	1494834.8560886	29207.675276753	332579.80073801
1259638.5768566	1490943.1848014	29227.599309154	332674.21070812
1263538.0035907	1494934.0394973	29245.594254937	332742.91561939
1259604.2732049	1491116.0770578	29259.159369527	332842.31873905
1263177.8853047	1494774.9318996	29277.010752688	332907.21146953
1255424.5355372	1487138.8033058	29286.228099174	333013.37520661
1262474.0036166	1494269.403255	29300.535262206	333078.11934901
1262666.2043796	1494585.2773723	29313.95620438	333180.26277372
1258663.9862306	1490678.5404475	29330.939759036	333257.37693632
1262180.8808664	1494284.6642599	29349.559566787	333327.42960289
1259053.1115044	1491278.1309735	29366.074336283	333423.52566372
1254338.1204013	1486658.7491639	29381.511705686	333499.41137124
1259001.6626087	1491417.6208696	29399.269565217	333578.65043478
1262274.5153153	1494800.9441441	29411.718918919	333670.47927928
1258929.709282	1491559.4395797	29419.908931699	333763.44658494
1253537.6628478	1486256.5826514	29433.669394435	333838.74304419
1252485.0196078	1485299.0522876	29452.202614379	333910.8627451
1259751.687389	1492677.2717584	29470.955595027	333998.09591474
1258475.5273369	1491516.8042328	29488.677248677	334092.65608466
1256484.7157895	1489627.7122807	29502.926315789	334172.09122807
1256579.9316239	1489831.0017094	29521.114529915	334259.24102564
1252323.6973684	1485679.4868421	29536.276315789	334348.70394737
1258157.3989455	1491602.7346221	29547.458699473	334423.93673111
1251811.3836066	1485364.2032787	29552.662295082	334524.87868852
1251582.3896104	1485219.5909091	29560.415584416	334598.04545455
1260575.8922801	1494330.8797127	29580.675044883	334690.98025135
1260674.2969589	1494561.4168157	29588	334813.01610018
1260032.3455882	1494009.3308824	29592.154411765	334896.65441176
1260646.5959781	1494719.7586837	29603.305301645	334976.10968921
1259474.7889908	1493642.4880734	29611.009174312	335059.30275229
1260116.8363636	1494378.5454545	29620.072727273	335139.06909091
1259590.0074074	1493958.9185185	29635.792592593	335224.57037037
1260254.384058	1494719.7463768	29652.434782609	335301.47101449
1259184.0650995	1493745.9312839	29666.647377939	335384.20253165
1259648.0288809	1494305.3718412	29683.971119134	335457.84837545
1259734.1410488	1494493.5913201	29697.858951175	335546.04701627
1257379.6774194	1492237.3046595	29714.609318996	335623.74193548
1259257.0989011	1494210.1831502	29729.091575092	335700.1978022
1259397.5362319	1494456.7318841	29744.942028986	335786.85507246
1259613.7931034	1494770.0980036	29759.854809437	335869.84392015
1256927.0720562	1492178.115993	29775.782073814	335946.85413005
1256509.3971631	1491873.2056738	29798.120567376	336030.58156028
1255779.8021201	1491239.7031802	29811.378091873	336110.81978799
1256239.1267606	1491805.6338028	29829.528169014	336194.3943662
1259170.1029412	1494834.7941176	29843.036764706	336274.76470588
1258519.9188192	1494296.9372694	29860.317343173	336368.18450185
1254378.6502636	1490250.2144112	29870.073813708	336446.44639719
1254238.8701754	1490196.8982456	29883.754385965	336520.45614035
1254741.6241135	1490792.6453901	29894.085106383	336598.19148936
1256150.5790409	1492313.5062167	29911.111900533	336688.04262877
1253521.5886525	1489787.9219858	29920.09929078	336779.93617021
1257789.1709091	1494146.3272727	29934.72	336855.48363636
1257676.7504554	1494141.2240437	29943.540983607	336950.36065574
1257675.1313869	1494235.7591241	29954.394160584	337031.98540146
1256739.7236364	1493393.4254545	29966.836363636	337112.96
1257679.9201452	1494428.2758621	29979.898366606	337189.50998185
1256829.8411552	1493673.5090253	29992.664259928	337268.46209386
1252854.9001751	1489795.2994746	30002.360770578	337349.32399299
1249417.6132231	1486442.4661157	30014.009917355	337420.27768595
1248794.6710963	1485925.8671096	30028.564784053	337507.81395349
1248393.4736842	1485630.7960526	30045.302631579	337592.38815789
1253695.502627	1491040.3222417	30062.788091068	337679.60070053
1257056.8175182	1494506.4087591	30073.773722628	337772.35766423
1248748.5714286	1486309.8062397	30083.093596059	337871.71756979
1248087.7467532	1485720.8571429	30092.922077922	337933.26623377
1247764.0978793	1485501.3964111	30101.396411093	338023.862969
1247405.7836066	1485241.9672131	30113.757377049	338107.18688525
1256884.2391304	1494829.3550725	30129.231884058	338198.06521739
1256720.7783784	1494813.2756757	30144.735135135	338327.65405405
1256906.2961609	1495104.3510055	30162.26691042	338405.78427788
1256072.8504505	1494356.3603604	30170.385585586	338483.15675676
1256082.2010969	1494457.7550274	30176.285191956	338564.79707495
1255736.8190128	1494200.2120658	30183.773308958	338641.3308958
1255308.1657658	1493875.9279279	30195.69009009	338731.66126126
1255553.6853526	1494211.0235081	30208.318264014	338804.25316456
1254132.5035971	1492893.9136691	30223.942446043	338890.47482014
1255336.9745455	1494197.6218182	30241.636363636	338968.31272727
1255447.6079855	1494412.6025408	30252.166969147	339060.61705989
1254890.5771325	1493945.9165154	30266.490018149	339134.28675136
1255071.4627949	1494223.0417423	30280.399274047	339211.70235935
1255205.9229358	1494459.0311927	30295.816513761	339292.65321101
1252288.5328597	1491640.0923623	30312.575488455	339376.06394316
1252301.141844	1491740.8510638	30322.659574468	339445.77304965
1252683.3580247	1492233.0511464	30339.75308642	339539.18165785
1254813.6842105	1494463.107078	30351.789473684	339619.36116152
1252305.5874126	1492057.6783217	30359.496503497	339713.0979021
1252283.5815603	1492123.6382979	30372.404255319	339784.18439716
1250649.3126079	1490591.7927461	30388.14507772	339871.48186528
1251269.1278459	1491302.0735552	30401.141856392	339945.56217163
1250110.5862069	1490249.9517241	30415.379310345	340035.91724138
1247452.6444834	1487687.1523643	30428.69352014	340112
1247532.3408696	1487875.7704348	30439.130434783	340203.84695652
1248420.3533569	1488859.7526502	30452.176678445	340283.5335689
1249151.2772809	1489687.9284436	30462.075134168	340372.60107335
1242703.7284768	1483351.0463576	30475.682119205	340463.41059603
1249415.041958	1490155.1188811	30489.664335664	340538.68531469
1244957.9931973	1485818.1904762	30506.299319728	340634.75510204
1246955.7212544	1487912.5644599	30525.135888502	340710.89198606
1245766.9310345	1486826.9172414	30541.64137931	340798.06896552
1246978.5989492	1488137.3099825	30556.707530648	340879.30647986
1241714.7417219	1482981.2980132	30573.430463576	340964.68874172
1245940.996587	1487309.2559727	30588.873720137	341050.18430034
1249871.0746812	1491349.9672131	30604.772313297	341138.30236794
1241524.8735632	1483120.8801314	30620.466338259	341236.75533662
1240648.8480801	1482335.3789649	30637.936560935	341303.30550918
1245765.4209591	1487561.8117229	30653.847246892	341394.64298401
1246503.0140845	1488400.3309859	30667.781690141	341482.53521127
1240492.5856905	1482498.8618968	30679.3078203	341576.47920133
1248507.2363636	1490596.4509091	30692.96	341642.10909091
1249217.3212341	1491427.353902	30702.569872958	341749.06715064
1249052.123412	1491386.7949183	30722.75862069	341849.65517241
1249002.1357798	1491435.853211	30736.822018349	341930.34862385
1248948.0218579	1491479.9344262	30752.429872495	342006.16393443
1249051.3369369	1491696.4252252	30774.162162162	342094.56576577
1248493.3765766	1491229.1099099	30786.486486486	342170.29189189
1247095.1616341	1489935.6802842	30802.515097691	342257.68383659
1246946.1097345	1489882.0247788	30816.644247788	342335.24247788
1247067.2714286	1490106.1785714	30832.164285714	342419.61428571
1248037.8916968	1491185.9855596	30852.758122744	342504.25270758
1246613.8455882	1489851.0073529	30862.477941176	342584.50735294
1248004.9801802	1491336.7711712	30878.832432432	342656.30990991
1247454.3104693	1490891.1696751	30894.981949458	342745.68231047
1247723.0955882	1491253.3308824	30907.830882353	342823.93382353
1246863.970696	1490490.1538462	30912.95970696	342910.41025641
1247247.6423358	1490957.7372263	30922.518248175	342984.10218978
1244365.1785714	1488185.4714286	30939.142857143	343073.57857143
1244228.7368421	1488137.2280702	30953.515789474	343143.40350877
1244880.2249561	1488898.7346221	30969.968365554	343229.79261863
1244244.4150268	1488357.881932	30984.958855098	343309.05187835
1247239.1731844	1491461.9441341	31004.737430168	343396.40968343
1246922.1094891	1491256.080292	31019.700729927	343486.16788321
1245158.9546279	1489593.8439201	31035.288566243	343567.68784029
1245217.0378378	1489738.8108108	31053.174774775	343635.76936937
1242464.5754386	1487090.9122807	31066.863157895	343720.44912281
1246602.142596	1491322.5813528	31084.299817185	343793.09689214
1246151.2915129	1490983.5202952	31097.904059041	343892.25830258
1238339.5771812	1483277.966443	31114.912751678	343976.75167785
1246658.5247706	1491682.9577982	31133.555963303	344042.88440367
1242839.5294118	1487982.2887701	31150.210338681	344141.36898396
1243506.5537919	1488732.6560847	31165.142857143	344209.91887125
1242699.4163701	1488036.1779359	31181.729537367	344296.40569395
1237597.8133333	1483043.1133333	31197.313333333	344384.92666667
1236849.7733333	1482397.9066667	31215.213333333	344464.67333333
1237671.6297521	1483327.0677686	31228.231404959	344552.38347107
1240832.5704348	1486585.9130435	31244.271304348	344634.72695652
1241980.373057	1487845.6580311	31262.708117444	344723.39896373
1237347.3830846	1483325.7313433	31282.965174129	344809.81757877
1236205.9834711	1482291.8082645	31301.123966942	344894.68429752
1244802.3440454	1490984.710775	31317.270321361	344972.51417769
1236383.0083195	1482698.5291181	31333.610648918	345086.09650582
1239946.254417	1486340.0212014	31351.236749117	345144.09187279
1244351.1359404	1490853.3333333	31363.761638734	345239.56052142
1244557.3903346	1491194.6096654	31377.472118959	345356.36431227
1244702.1367837	1491445.7079482	31396.133086876	345440.83548983
1243912.125	1490753.9117647	31411.808823529	345517.81617647
1244217.018315	1491150.8571429	31425.465201465	345594.11721612
1244061.6888889	1491093	31438.488888889	345678.81481481
1243265.5808824	1490398.7941176	31455.661764706	345762.52941176
1243962.7111111	1491186.5555556	31469.733333333	345833.7037037
1242896.8791209	1490230.3516484	31486.146520147	345924.31501832
1242938.2058824	1490363.1544118	31500.610294118	346001.00735294
1242547.1971067	1490076.7088608	31520.455696203	346082.18444846
1243804.6850829	1491418.2762431	31529.244935543	346159.44014733
1243472.4907063	1491188.0148699	31539.531598513	346245.82156134
1244477.5009242	1492285.8558226	31556.813308688	346319.48983364
1243259.5176252	1491170.8497217	31570.181818182	346405.62523191
1243387.2265193	1491390.9907919	31586.475138122	346480.87661142
1243288.3116883	1491393.5139147	31600.675324675	346564.36363636
1243480.5037037	1491684.5703704	31613.392592593	346644.48148148
1240029.655914	1488345.5125448	31633.899641577	346729.12544803
1243010.5247706	1491409.9743119	31646.825688073	346797.32110092
1241131.8061041	1489651.9640934	31663.65529623	346893.34290844
1239524.3109541	1488132.5017668	31677.724381625	346967.34982332
1242399.4158965	1491106.0924214	31694.195933457	347045.04251386
1238545.4360771	1487359.1033275	31708.749562172	347136.91068301
1238743.7906137	1487645.5740072	31724.953068592	347207.09025271
1238478.6192171	1487483.1672598	31737.37366548	347288.73309609
1234555.0976431	1483665.3400673	31749.730639731	347378.3973064
1234765.820643	1483970.9306261	31759.248730964	347458.07106599
1233861.1897436	1483179.391453	31777.408547009	347551.35726496
1241741.1821561	1491150.2453532	31785.323420074	347629.23420074
1237189.8162544	1486714.9399293	31798.424028269	347733.1590106
1238840.2628774	1488432.8596803	31808.902309059	347789.59147425
1241042.0147601	1490737.4760148	31819.136531365	347882.09594096
1241897.4916512	1491700.9944341	31830.552875696	347972.82374768
1237755.5157895	1487660.4701754	31845.115789474	348058.29473684
1232969.7718121	1482947.1812081	31853.228187919	348120.76510067
1241098.8150943	1491176.1207547	31861.411320755	348204.61132075
1233006.28	1483219.2	31882.246666667	348316.34666667
1232488.8186356	1482783.2878536	31896.605657238	348382.88186356
1232233.4320138	1482626.141136	31910.34767642	348463.34595525
1231941.7963272	1482441.6227045	31928.587646077	348548.721202
1231465.5041597	1482070.3227953	31945.923460899	348630.75540765
1240330.6345083	1491044.7866419	31964.972170686	348717.47680891
1240917.1648352	1491778.3882784	31980.417582418	348846.6959707
1239993.4666667	1490960.2518519	31997.911111111	348928.54074074
1239917.4907749	1490980.3173432	32010.723247232	349012.47232472
1239976.5403377	1491138.5891182	32023.362101313	349093.02814259
1239818.9038113	1491075.1143376	32033.350272232	349175.46279492
1238532.4057971	1489886.4202899	32049.057971014	349258.14492754
1240444.7232472	1491886.7749077	32058.656826568	349328.35424354
1239968.2047532	1491518.749543	32073.08226691	349417.90859232
1239850.9705882	1491490.4926471	32087.948529412	349493.27205882
1239227.0364964	1490964.9927007	32097.95620438	349573.94890511
1239064.845173	1490894.4990893	32114.222222222	349648.55373406
1239258.6206897	1491196.4355717	32128.34845735	349738.01088929
1239365.1773309	1491388.1755027	32141.265082267	349814.69104205
1239596.3487941	1491723.3024119	32157.402597403	349899.25046382
1236029.1079137	1488251	32170.647482014	349975.51798561
1237656.5850091	1489979.4442413	32191.70749543	350051.09323583
1236328.1648746	1488747.7634409	32205.756272401	350132.90322581
1235550.7605634	1488068.1267606	32219.091549296	350218.6971831
1235748.1446655	1488352.4701627	32227.775768535	350292.55696203
1234537.9605027	1487242.0251346	32236.359066427	350376.84021544
1238116.427256	1490913.5395948	32249.274401473	350456.97974217
1236988.3155963	1489907.2954128	32265.093577982	350554.06238532
1237430.0470163	1490437.5479204	32273.3960217	350630.50994575
1236482.2459893	1489596.7629234	32289.839572193	350712.41354724
1236419.2531418	1489643.5116697	32312.39497307	350796.86894075
1234027.8431373	1487352.9197861	32330.039215686	350880.07843137
1228322.4855688	1481747.7894737	32352.292020374	350951.10356537
1232218.7794118	1485742.8823529	32360.323529412	351035.92647059
1232393.6102004	1486010.4918033	32368.153005464	351118.77595628
1231560.0583942	1485282.649635	32379.781021898	351209.20437956
1229827.655914	1483639.9426523	32393.892473118	351284.27956989
1233744.1498127	1487659.9625468	32411.168539326	351362.40449438
1232530.6444444	1486553.437037	32421.459259259	351457.95555556
1229428.3577818	1483551.4490161	32438.125223614	351537.35957066
1230794.5251799	1485009.3669065	32453.287769784	351605.88489209
1224884.4670051	1479210.1928934	32470.835871404	351698.55160745
1229047.0664273	1483466.6570916	32486.118491921	351775.0951526
1225228.532872	1479758.5121107	32504.221453287	351867.23183391
1229920.8327138	1484543.3159851	32520.007434944	351940.04460967
1230956.5367647	1485694.8897059	32541.147058824	352035.19117647
1224805.9357022	1479650.3417936	32558.429780034	352118.4500846
1233251.6846154	1488188.1846154	32573.630769231	352188.86923077
1233616.2990654	1488686.4074766	32586.601869159	352304.38878505
1233307.7655955	1488468.5671078	32595.009451796	352383.03969754
1232735.2932331	1487993.3834586	32608.308270677	352464.73684211
1232151.8863636	1487506.4545455	32623.840909091	352547.20454545
1232066.956848	1487515.7073171	32634.514071295	352624.49530957
1231596.3902439	1487147.1594747	32649.515947467	352705.44090056
1231940.3602251	1487581.5984991	32660.51782364	352787.00187617
1231483.8810409	1487229.2713755	32672.037174721	352868.57249071
1232115.1111111	1487938.6516008	32682.433145009	352939.5480226
1230429.4037736	1486361.645283	32699.954716981	353023.46415094
1231095.7902622	1487122.6367041	32714.70411985	353100.92883895
1230410.8550186	1486569.7174721	32756.148698885	353182.96654275
1229166.6171004	1485418.0743494	32772.475836431	353260.09665428
1229688.1834862	1486047.3100917	32792.242201835	353344.46972477
1229180.6446886	1485636.3076923	32808.241758242	353423.17216117
1228768.5537341	1485330.7759563	32825.260473588	353504.32786885
1228586.5808824	1485237.9705882	32836.051470588	353580.50735294
1227868.285192	1484616.0073126	32846.610603291	353664.85557587
1227585.540146	1484426.7518248	32857.386861314	353742.71532847
1227500.702509	1484440.0501792	32874.616487455	353821.98566308
1227686.4604052	1484722.7771639	32888.110497238	353901.23756906
1227927.1183971	1485072.5318761	32910.593806922	353984.94717668
1227868.3071298	1485103.5612431	32924.190127971	354059.98537477
1223841.6055363	1481176.2283737	32933.515570934	354144.64359862
1223851.343696	1481283.1502591	32945.499136442	354231.22625216
1223310.2749141	1480842.5085911	32957.896907216	354315.70446735
1222862.2237522	1480499.0636833	32976.234079174	354394.71944923
1223018.5931034	1480756.0413793	32988.862068966	354480.73793103
1226311.4336918	1484139.6057348	32997.254480287	354560.05017921
1226639.3611615	1484565.2196007	33004.065335753	354646.77313975
1222133.7975986	1480153.1114923	33012.768439108	354727.135506
1225549.0522523	1483665.009009	33030.032432432	354805.7009009
1221733.0763889	1479950.5694444	33045.784722222	354885.27777778
1221971.1226252	1480297.6303972	33064.538860104	354974.75647668
1221562.5759162	1479990.7853403	33079.616055846	355057.70331588
1221360.4429302	1479899.9931857	33096.674616695	355147.74105622
1222739.084507	1481374.2535211	33114.5	355223.96478873
1221149.9789474	1479898.554386	33135.915789474	355313.58596491
1221162.6575342	1480013.7054795	33153.363013699	355393.66438356
1220738.5753425	1479694.4383562	33171.767123288	355480.54109589
1220418.9915398	1479473.3536379	33187.289340102	355560.56175973
1229267.8552381	1488426.5752381	33206.278095238	355645.81333333
1229529.5606061	1488828.8333333	33219.037878788	355770.10606061
1228602.9318182	1488009.5454545	33236.431818182	355852.03787879
1229159.3066667	1488669.1733333	33250.194285714	355936.54857143
1228884.4494382	1488490.5093633	33271.003745318	356012.49438202
1228567.509434	1488277.9773585	33285.358490566	356094.00754717
1226908.8679245	1486719.1169811	33301.169811321	358475.94716981
1225148.2424242	1485046.1818182	33312.295454545	358559.24242424
1225681.4409006	1485673.1482176	33325.320825516	358640.06754221
1225012.0148148	1485092.237037	33332.866666667	358715.91111111
1224419.8358209	1484593.4104478	33340.567164179	358796.60447761
1225799.6760829	1486070.086629	33355.239171375	358876.54990584
1226252.1801126	1486627.9849906	33367.729831144	358964.87804878
1225432.8528302	1485902.4	33378.460377358	359040.11320755
1225442.5735849	1486009.6	33387.079245283	359127.80377358
1225695.1009524	1486347.8019048	33392	359204.15238095
1222454.4357542	1483195.8286778	33397.206703911	359283.46368715
1221809.1009174	1482628.4550459	33402.502752294	359354.12844037
1224812.2701689	1485711.5797373	33404.960600375	359429.92870544
1223053.1428571	1484059.4864376	33412.368896926	359521.61301989
1222326.0976492	1483419.9059675	33420.737793852	359598.74864376
1225029.7032755	1486204.2235067	33430.165703276	359668.22350674
1223945.2504708	1485228.86629	33446.930320151	359759.81920904
1217925.8925477	1479305.4488735	33459.743500867	359840.27729636
1225355.6300578	1486826.4816956	33471.768786127	359910.66666667
1221738.5046041	1483313.5690608	33485.812154696	360001.3480663
1221841.136612	1483499.2859745	33503.103825137	360067.64298725
1224354.9635317	1486111.8234165	33517.73512476	360143.378119
1216532.9262436	1478409.4408233	33538.922813036	360238.60720412
1220606.5836299	1482571.5587189	33553.971530249	360306.33451957
1216729.6756757	1478797.5608108	33571.554054054	360393.05405405
1220007.4551971	1482173.6774194	33586.451612903	360472.22222222
1223714.3065134	1485992.0613027	33603.915708812	360558.78927203
1224007.467167	1486391.7298311	33617.756097561	360651.54221388
1221843.4917127	1484329.7090239	33634.290976059	360734.91712707
1223583.6226415	1486160.0981132	33648.8	360806.93584906
1215433.0068027	1478125.1632653	33669.700680272	360898.0952381
1222819.8220503	1485591.0096712	33685.779497099	360958.42166344
1213706.7521664	1476603.847487	33704.055459272	361066.0034662
1215002.4719864	1477975.9728353	33719.972835314	361121.3582343
1214378.6119658	1477464.6700855	33736.711111111	361209.24444444
1214508.4965517	1477691.4413793	33754.724137931	361289.45517241
1222510.4780115	1485794.2026769	33770.011472275	361375.31166348
1222260.7265774	1485682.500956	33783.403441683	361496.26768642
1223123.4113208	1486641.6	33801.086792453	361573.3509434
1223051.9542857	1486672.487619	33817.127619048	361656.51809524
1221607.9471698	1485333.3886792	33835.464150943	361733.69811321
1222565.8358209	1486391.641791	33852.014925373	361813.70895522
1222854.8288973	1486788.6007605	33869.961977186	361901.3460076
1222183.9619772	1486202.6768061	33882.912547529	361972.00760456
1222127.8257576	1486248.5378788	33900.053030303	362053.16666667
1222513.5332068	1486725.9582543	33913.783681214	362127.39278937
1220766.5930018	1485090.9686924	33933.775322284	362215.89686924
1222499.4990512	1486907.0436433	33943.180265655	362284.28842505
1221976.2	1486482.0461538	33956.484615385	362370.23846154
1221101.3032015	1485708.8964218	33974.365348399	362449.34839925
1220373.7898551	1485077.8478261	33984.710144928	362530.97826087
1221961.5985267	1486747.388582	33992.316758748	362605.34069982
1221700.0298507	1486582.4552239	33999.746268657	362692.65671642
1220215.5580524	1485192.2696629	34010.434456929	362770.54681648
1221298.3684211	1486372.9473684	34022.879699248	362853.54135338
1220921.4339623	1486082.6339623	34030.664150943	362928.11320755
1219598.6788321	1484855.9927007	34036.883211679	363013.32846715
1219418.4014467	1484754.4448463	34044.506329114	363080.08679928
1219897.9512195	1485334.4165103	34059.001876173	363161.26078799
1220507.2476723	1486034.4953445	34069.579143389	363239.50837989
1216454.0642857	1482096.0357143	34082.842857143	363336.16428571
1218461.7089552	1484185.7835821	34097.074626866	363404.55970149
1216707.5611511	1482551.705036	34117.553956835	363497.56115108
1213153.5664336	1479074.041958	34127.594405594	363566.17482517
1216611.0558559	1482629.6936937	34139.473873874	363648.41801802
1216176.7536232	1482292.115942	34153.630434783	363729.10869565
1219121.8888889	1485336.4074074	34170.407407407	363807.27407407
1216180.3761302	1482505.3092224	34185.374321881	363897.99638336
1218196.593692	1484606.7606679	34201.914656772	363963.42115028
1216858.8909427	1483372.9168207	34213.279112754	364053.69316081
1217075.2189781	1483697.6788321	34233.715328467	364137.83211679
1216445.1304348	1483166.0072464	34245.188405797	364219.15217391
1216676.673913	1483494.8478261	34261.985507246	364297.2826087
1216481.3162706	1483395.9122486	34277.813528336	364373.77696527
1215563.5812274	1482577.8050542	34291.342960289	364454.83032491
1214935.9856631	1482039.0824373	34302.838709677	364530.08602151
1215745.4061931	1482946.7176685	34316.349726776	364614.47723133
1210592.0477816	1477887.7542662	34327.139931741	364695.13993174
1218777.9068901	1486186.8007449	34349.489757914	364780.73743017
1218475.9328358	1486022.0820896	34362.470149254	364900.25373134
1217669.9625468	1485317.2209738	34378.516853933	364986.51685393
1217836.1125704	1485575.9399625	34385.673545966	365066.46904315
1218081.1152416	1485916.7583643	34393.769516729	365151.33085502
1217310.9402985	1485232.2537313	34402.529850746	365223.1641791
1217393.9194139	1485410.5128205	34410.498168498	365304.93040293
1217685.5793358	1485787.9704797	34424.051660517	365379.4095941
1216426.637037	1484631.8740741	34438.414814815	365458.93333333
1216783.010989	1485067.8315018	34444.527472527	365535.08424908
1216098.3970856	1484485.5081967	34452.561020036	365625.47176685
1215816.3468635	1484300.0442804	34466.863468635	365701.70479705
1214473.619403	1483055.0597015	34484.268656716	365779.69402985
1211866.1684982	1480555.9267399	34498.307692308	365867.47985348
1212028.6618182	1480802.3709091	34504.516363636	365946.11636364
1211795.0622711	1480652.952381	34511.472527473	366019.0989011
1211995.4306569	1480953.620438	34529.430656934	366102.26277372
1210845.9234973	1479897.2167577	34544.473588342	366177.85063752
1211372.5966851	1480526.8876611	34560.132596685	366257.11233886
1210199.7074954	1479462.2449726	34582.800731261	366338.46435101
1210953.4690909	1480336.0872727	34619.650909091	366419.51272727
1210429.6323529	1479912.9044118	34633.397058824	366499.24264706
1209257.6274864	1478828.2676311	34639.356238698	366574.81374322
1206989.3651376	1476662.6715596	34653.6	366655.91926606
1203768.6783217	1473553.7412587	34669.65034965	366741.3006993
1202036.2785714	1471917.2857143	34678.664285714	366820.28571429
1206567.8608059	1476542.952381	34687.545787546	366904
1202603.2928571	1472676.2928571	34702.392857143	366987.23571429
1205507.2224168	1475686.2837128	34714.024518389	367074.05954466
1205184.8324515	1475450.2010582	34720.430335097	367154.35626102
1204666.1554404	1475022.0379965	34724	367238.21070812
1204430.0722892	1474877.8795181	34729.142857143	367321.0464716
1204803.4782609	1475355.666087	34741.669565217	367406.8173913
1203877.1841652	1474518.6919105	34752.99827883	367485.18416523
1204239.9175258	1474983.1546392	34770.474226804	367569.74570447
1204627.1575342	1475465.0684932	34785.95890411	367651.60273973
1203345.0596491	1474293.5508772	34805.059649123	367737.14385965
1205008.9439728	1476066.5195246	34820.353140917	367821.33786078
1203467.1915641	1474631.8101933	34837.518453427	367907.64850615
1203550.8492201	1474820.3882149	34859.410745234	367989.78162912
1202711.9794872	1474086.8923077	34872.916239316	368078.7965812
1203686.8581197	1475163.2683761	34890.78974359	368158.29059829
1211899.6315789	1483470.9774436	34898.954887218	368245.22556391
1211977.095057	1483683.1634981	34911.711026616	368364.09125475
1212537.6346516	1484344.8813559	34927.186440678	368444.09792844
1211809.1266541	1483704.8393195	34944.748582231	368516.17391304
1211973.4760994	1483996.1223709	34973.69789675	368607.11281071
1211285.3843212	1483414.0344168	34997.93499044	368682.40152964
1211555.0982659	1483778.2967245	35014.782273603	368762.02697495
1209907.3545966	1482223.879925	35031.81988743	368836.06003752
1211374.8	1483785.5018868	35045.637735849	368913.98490566
1210364.0689655	1482868.0536398	35058.513409962	368990.34482759
1211306.0872865	1483901.0246679	35068.523719165	369067.86337761
1209463.5149254	1482157.1641791	35084.141791045	369150.54477612
1211352.5900383	1484139.3333333	35098.283524904	369225.93103448
1208079.0037453	1480963.1685393	35108.928838951	369308.02247191
1210449.4442344	1483423.7882798	35120.620037807	369384.74102079
1209161.5270019	1482242.2867784	35130.346368715	369476.46182495
1207800.2862385	1480974.4293578	35146.788990826	369547.54495413
1208613.7449168	1481866.7208872	35152	369621.8780037
1206075.1528545	1479416.4935543	35159.057090239	369702.92449355
1209356.3117871	1482782.8212928	35165.870722433	369777.87072243
1206651.5384615	1480179.8241758	35171.633699634	369871.84615385
1206490.2712477	1480100.0867993	35181.511754069	369933.23688969
1209656.7102804	1483370.9682243	35202.093457944	370017.39065421
1207076.459854	1480905.0875912	35211.459854015	370113.86131387
1209756.5736138	1483664.7724665	35219.487571702	370183.32695985
1209543.394636	1483547.2030651	35228.91954023	370269.36398467
1209380.7509579	1483476	35245.042145594	370342.56704981
1209171.9546314	1483366.5330813	35260.173913043	370424.2268431
1209373.9352381	1483665.2419048	35275.84	370500.59428571
1209148.5649718	1483535.4500942	35293.506591337	370576.59510358
1205696.88	1480183.6727273	35308.603636364	370658.42181818
1208522.0909091	1483082.6060606	35316.515151515	370721.37121212
1200950.9583333	1475620.1527778	35324.597222222	370822.52083333
1209186.8230769	1483943.7923077	35345.430769231	370879.49230769
1204202.2785714	1479071.75	35354.314285714	370984.89285714
1209587.984556	1484529.7992278	35365.173745174	371041.1969112
1207954.3210832	1483011.4816248	35376.735009671	371141.48549323
1199199.1005111	1474353.1039182	35392.722316865	371218.84156729
1209027.766537	1484256.9649805	35411.556420233	371274.14785992
1207714.8221797	1483072.749522	35430.2791587	371375.80114723
1208546.6209524	1484000.1142857	35443.260952381	371454.43809524
1204986.8066298	1480535.6979742	35460.427255985	371529.39963168
1208439.8123827	1484067.6772983	35470.071294559	371598.91932458
1207166.2944551	1482915.8776291	35483.028680688	371703.5793499
1208130.7376426	1483979.4068441	35497.125475285	371784.75285171
1207805.3108614	1483741.1535581	35512.853932584	371857.36329588
1207467.5856874	1483512.4444444	35531.743879473	371942.89265537
1207308.2771536	1483449.6254682	35547.29588015	372017.43071161
1206094.701107	1482338.4280443	35564.273062731	372099.07749077
1207372.8646617	1483703.2706767	35575.77443609	372174.17293233
1206827.0384615	1483261.6846154	35589.492307692	372258.36923077
1206596.1832061	1483120.6259542	35604.526717557	372332.5648855
1206818.5067698	1483437.7408124	35617.601547389	372409.23017408
1206828.0467836	1483538.1832359	35628.070175439	372488.93567251
1206050.0272904	1482858.9395712	35645.38791423	372567.47758285
1205464.9829868	1482353.9584121	35653.277882798	372636.41587902
1205976.3761996	1482955.2092131	35661.420345489	372714.54894434
1205535.6161228	1482606.7639155	35666.825335893	372793.15163148
1205919.9685658	1483080.9980354	35680.518664047	372869.38310413
1206168.7779961	1483420.675835	35692.141453831	372947.64636542
1203679.0038023	1481033.5589354	35708.494296578	373027.11787072
1206233.3280943	1483665.8231827	35724.361493124	373089.15520629
1206262.4871287	1483807.7465347	35744.38019802	373178.39207921
1206937.5516569	1484568.7797271	35753.38791423	373250.76023392
1202190.4772727	1479905.7954545	35756.181818182	373330.10606061
1202176.9588015	1479972.8164794	35763.220973783	373400.89138577
1198435.8330309	1476323.1433757	35771.731397459	373479.84029038
1201060.5799257	1479031.2788104	35782.349442379	373553.91078067
1198061.3142857	1476133.3571429	35792.607142857	373638.44285714
1204921.976834	1483085.6293436	35796	373719.2046332
1197420.8243728	1475683.7562724	35799.992831541	373816.32258065
1205095.389313	1483435.1984733	35808.328244275	373876.15267176
1204923.8687259	1483378.3552124	35820	373975.91505792
1205167.6575875	1483698.5992218	35820	374047.70428016
1204914.4750958	1483523.5172414	35822.252873563	374127.27203065
1205034.3597679	1483736.0232108	35835.288201161	374203.82205029
1196860.7062937	1475666.7202797	35853.706293706	374280.84615385
1201383.7039848	1480263.5521822	35869.184060721	374337.97343454
1205261.871345	1484249.6998051	35881.660818713	374434.9005848
1201943.9465649	1481036.740458	35894.13740458	374524.41984733
1200544.1660377	1479721.5320755	35908.339622642	374586.64150943
1204555.938343	1483822.7591522	35925.148362235	374658.53564547
1195058.8380282	1474446.6408451	35939.591549296	374757.47183099
1195398.3985891	1474859.9082892	35957.62962963	374808.76190476
1204369.7307692	1483916.7923077	35960.469230769	374892.77692308
1203469.9069767	1483157.6434109	35967.643410853	375020.92248062
1203750.9287091	1483537.5028902	35986.196531792	375100.55491329
1203635.922179	1483516.459144	36001.112840467	375176.87159533
1203317.8742857	1483294.727619	36014.262857143	375257.1047619
1202259.8618042	1482312.9520154	36020	375326.32629559
1202650.2878505	1482792.1420561	36025.839252336	375405.28598131
1202358.8625235	1482587.5932203	36036.18079096	375479.48775895
1205686.9588015	1486013.2434457	36049.558052434	375562.55430712
1204795.5741445	1485214.7908745	36058.72243346	375641.71102662
1206083.1713748	1486594.5310734	36073.34086629	375714.52354049
1206439.7399618	1487052.2447419	36086.286806883	375802.20267686
1206132.3787879	1486844.8030303	36099.477272727	375884.74242424
1204953.4333959	1485766.1463415	36117.636022514	375960.19512195
1205091.5921569	1485995.1843137	36131.270588235	376035.38823529
1205436.9735849	1486439.0339623	36148.098113208	376113.49433962
1203908.5114504	1485000.4427481	36156.610687023	376196.46564885
1201747.6051188	1482928.2340037	36169.330895795	376267.18829982
1205055.3834297	1486331.7225434	36187.044315992	376343.71483622
1205422.5988701	1486802.7947269	36200.128060264	376430.00376648
1204748.5338346	1486213.6917293	36204	376510.39097744
1204203.299435	1485760.6629002	36215.171374765	376585.66478343
1205462.1276596	1487116.5183752	36220	376675.28820116
1204774.1048689	1486512.5168539	36230.464419476	376747.58052434
1204578.4952741	1486412.8771267	36236	376832.85444234
1202138.4890511	1484050.4306569	36236.350364964	376908.94890511
1205316.4519774	1487315.1563089	36247.186440678	376979.70621469
1200990.2310469	1483084.2599278	36255.162454874	377066.89530686
1196743.074266	1478916.5595855	36261.768566494	377137.51295337
1203917.3969466	1486174.1603053	36264.435114504	377212.50381679
1204403.8714556	1486763.8714556	36273.164461248	377308.57466919
1203736.6946565	1486199.5496183	36289.328244275	377389.9389313
1199280.0722022	1481841.1841155	36304.606498195	377472.14440433
1200547.5507246	1483188.0507246	36321.275362319	377530.24637681
1203556.9348659	1486308.605364	36341.302681992	377616.34482759
1198853.3595707	1481706.4830054	36351.899821109	377703.38461538
1194670.7619048	1477610.9387755	36365.897959184	377773.87755102
1203447.7514563	1486480.3184466	36379.790291262	377851.2776699
1194392.6127367	1477540.3098107	36386.416523236	377953.5697074
1194349.8352941	1477590.4941176	36402.61512605	378019.54957983
1203727.9849341	1487067.3295669	36416.738229755	378103.57062147
1194302.2991597	1477764.4907563	36432.678991597	378210.01008403
1202908.0227273	1486449.75	36444.477272727	378274.18181818
1203614.1480076	1487298.3377609	36456.326375712	378403.23339658
1203087.290566	1486873.9849057	36472.196226415	378488.93584906
1202950.018622	1486832.9087523	36489.132216015	378565.90689013
1201591.3794393	1485569.1364486	36496.904672897	378650.57196262
1202594.4528302	1486661.4037736	36512.067924528	378724.73962264
1202741.6766917	1486906.0902256	36520.308270677	378809.83458647
1201884.8014842	1486146.0927644	36531.45825603	378891.22820037
1201231.4222222	1485592.637037	36543.82962963	378973.91851852
1201183.7238806	1485626.8134328	36551.5	379043.67164179
1200822.8497217	1485358.32282	36560.935064935	379123.65120594
1202345.6885553	1486982.3564728	36580.998123827	379203.63977486
1202430.761194	1487173.4104478	36595.940298507	379291.41791045
1199276.9064748	1484108.5755396	36604	379369.82733813
1200946.1189591	1485858.5427509	36607.933085502	379445.19702602
1198969.4492754	1483977.1594203	36610.362318841	379531.12318841
1200822.7232472	1485922.597786	36625.055350554	379607.60885609
1198332.575592	1483536.5100182	36638.557377049	379693.99635701
1198071.9928315	1483369.6057348	36656.071684588	379766.52329749
1198413.1582734	1483814.028777	36670.129496403	379852.36690647
1197726.9661319	1483225.6898396	36686.830659537	379932.00713012
1200655.7918216	1486247.0855019	36695.866171004	380013.23420074
1196503.8014184	1482211.5531915	36710.744680851	380109.38297872
1193439.8833619	1479233.9005146	36723.965694683	380178.61406518
1196681.3931777	1482581.1633752	36743.712746858	380261.59425494
1196823.7685353	1482823.3924051	36758.27124774	380348.76672694
1192246.2341137	1478345.6923077	36764.822742475	380435.39799331
1192982.6185567	1479172.604811	36774.879725086	380514.03436426
1192731.9795571	1479015.9182283	36780	380601.03577513
1198562.0363636	1484935.6145455	36782.574545455	380683.54909091
1195040.8904594	1481528.1342756	36796.763250883	380779.37102473
1191877.4931507	1478447.2876712	36806.616438356	380848.34931507
1191237.1197302	1477906.4148398	36815.993254637	380934.19224283
1197897.5527728	1484656.2432916	36819.627906977	381015.97137746
1196985.0586146	1483859.5097691	36832.753108348	381118.69982238
1196804.8306011	1483771.3515483	36842.885245902	381196.48087432
1190461.9294118	1477524.8403361	36848.921008403	381282.36638655
1196020.5376344	1483175.6845878	36864.093189964	381353.94982079
1189827.2310287	1477088.5193929	36876.654300169	381449.64586847
1195251.3625219	1482613.1558669	36889.905429072	381528.41330998
1190839.2292359	1478314.3056478	36907.534883721	381624.81727575
1190109.6093489	1477676.2136895	36924.667779633	381694.57762938
1198733.0262172	1486405.9625468	36941.468164794	381778.74906367
1198475.5824176	1486281.5677656	36949.582417582	381905.86080586
1198831.3834586	1486735.6541353	36960.631578947	381988.5112782
1198337.2679245	1486333.9773585	36969.366037736	382063.81886792
1198158.9581749	1486251.6577947	36977.307984791	382147.06463878
1197049.0888469	1485226.8506616	36986.238185255	382223.95463138
1197002.4132841	1485274.4649446	37000.774907749	382303.57933579
1198080.9774436	1486441.481203	37008.639097744	382376.87969925
1196676.7332123	1485138.6715064	37018.402903811	382465.1615245
1197749.6045198	1486299.0207156	37039.367231638	382531.81167608
1196357.0586011	1485015.3119093	37053.693761815	382624.32514178
1194947.6036697	1483715.8311927	37070.333944954	382711.00183486
1197768.762963	1486624.5407407	37083.259259259	382780.97777778
1195839.6043956	1484803.3626374	37096.695970696	382869.09157509
1195733.9666048	1484800.4155844	37114.827458256	382945.52133581
1194844.7985481	1484000.261343	37122.67876588	383024.90018149
1197050.8173258	1486286.0489642	37125.152542373	383099.35216573
1195816.1056604	1485145.3584906	37132.830188679	383184.48301887
1197142.419295	1486572.1113173	37143.925788497	383270.91651206
1193857.9708029	1483370.6934307	37148	383344.12408759
1192839.2895204	1482435.6660746	37155.545293073	383420.81705151
1196235.924812	1485935.5112782	37171.932330827	383497.65413534
1197096.0303605	1486912.2960152	37189.867172676	383595.28652751
1196491.8415094	1486401.3962264	37200.052830189	383675.50943396
1196267.6261682	1486277.6299065	37212.979439252	383758.66915888
1195886.3984674	1485989.7318008	37229.042145594	383832.96551724
1191904.6787004	1482098.8953069	37241.501805054	383914.07220217
1188998.0962199	1479267.2989691	37250.701030928	383976.25429553
1188017.8361775	1478386.6757679	37263.80887372	384061.56313993
1195402.1048689	1485867.0037453	37276.524344569	384145.92509363
1195411.6044776	1486004.7089552	37293.343283582	384248.8880597
1195508.8045113	1486189.2857143	37303.218045113	384322.93233083
1190504.120354	1481288.0141593	37312.884955752	384413.52920354
1187033.618887	1477898.1382799	37330.300168634	384474.83305228
1190743.5319149	1481709.3758865	37340.141843972	384562.82269504
1186203.2054329	1477264.5025467	37349.405772496	384645.7860781
1195982.8603774	1487137.0566038	37360.78490566	384726.15849057
1186434.0789022	1477705.3516295	37369.214408233	384831.16981132
1195567.0360531	1486913.6470588	37384.440227704	384892.57685009
1195360.3076923	1486834.0412758	37397.245778612	385001.2532833
1185643.4295652	1477213.5304348	37408.368695652	385084.29913043
1186791.3229706	1478435.91019	37425.098445596	385140.69775475
1194706.2272727	1486454.1212121	37439.363636364	385223.78787879
1194321.7912713	1486210.8614801	37453.024667932	385343.78747628
1194313.8311445	1486306.326454	37468.780487805	385429.4934334
1193895.7593985	1485979.2180451	37484.127819549	385505.41353383
1193660.6136364	1485850.4621212	37503.924242424	385587.18939394
1193378.3924528	1485658.0981132	37517.743396226	385662.34716981
1194112.2722117	1486496.0982987	37530.669187146	385749.92060491
1194521.3106061	1486996.0151515	37547.46969697	385825.13636364
1194005.1460674	1486586.5018727	37561.550561798	385909.31086142
1192028.2573529	1484710.4852941	37577.985294118	385989.97794118
1192077.1512915	1484852.1180812	37592.760147601	386066.24354244
1192520.9350649	1485393.5361781	37608.875695733	386145.18738404
1192179.5992579	1485159.6586271	37625.439703154	386228.31910946
1190361.9550562	1483430.5168539	37636.876404494	386302.43445693
1192490.1096408	1485657.1871456	37649.489603025	386382.80529301
1190271.0056075	1483534.071028	37660.538317757	386467.86542056
1190241.857404	1483602.4204753	37676.34369287	386545.20658135
1192780.1612284	1486237.5508637	37692.468330134	386621.71209213
1189939.9031657	1483502.7188082	37710.882681564	386709.04283054
1188627.6770642	1482271.787156	37719.35412844	386778.95045872
1192576.5104762	1486320.0914286	37735.047619048	386858.01142857
1188771.1633028	1482616.506422	37749.225688073	386941.04954128
1190864.5166052	1484796.9815498	37763.20295203	387014.78228782
1192666.5084746	1486689.9284369	37770.892655367	387098.22222222
1188863.6429872	1482985.6393443	37777.369763206	387187.72313297
1187621.4714286	1481826.2642857	37782.871428571	387254.36428571
1192657.2706767	1486955.3383459	37792.195488722	387335.45112782
1183963.5034014	1478377.5306122	37809.040816327	387434.26530612
1190483.9556377	1484992.051756	37828.87245841	387504.19963031
1190086.4103512	1484700.9759704	37845.271719039	387594.0702403
1191731.292365	1486443.4934823	37860.484171322	387672.29050279
1187680.2021661	1482495.566787	37877.032490975	387753.92779783
1188772.5839416	1483679.4525547	37893.474452555	387822.59854015
1182662.04811	1477680.3298969	37910.989690722	387916.06872852
1182156.672326	1477268.516129	37926.57385399	387989.9286927
1188540.5641953	1483756.4122966	37945.142857143	388071.42857143
1190986.0465116	1486316.372093	37963.379844961	388163.21705426
1182411.0288625	1477846.7979626	37978.424448217	388250.14601019
1182569.5514334	1478091.3187184	37993.241146712	388318.53625632
1181534.6621849	1477158.0638655	38009.707563025	388401.62016807
1189173.877095	1484903.5307263	38027.605214153	388487.24767225
1181983.4401349	1477832.0202361	38042.435075885	388590.63743676
1190742.9961977	1486672.2661597	38059.946768061	388651.46007605
1190042.3062382	1486111.6446125	38066.177693762	388785.03591682
1190115.68	1486287.7561905	38079.466666667	388865.32571429
1190645.9473684	1486893.2255639	38084	388937.11278195
1190087.8339623	1486420.5132075	38084.354716981	389017.21509434
1189154.0550459	1485576.212844	38092.932110092	389092.83669725
1188696.2771536	1485217.8501873	38109.071161049	389172.84644195
1189114.0763359	1485729.7938931	38124.236641221	389248.12977099
1189342.4373832	1486063.1476636	38140.007476636	389335.68598131
1189132.7306968	1485949.3107345	38158.207156309	389406.93785311
1187882.8697248	1484808.3082569	38175.434862385	389494.59816514
1187990.5966229	1485009.1482176	38193.628517824	389569.4934334
1187070.8962963	1484188.6740741	38207.155555556	389652.61481481
1188041.0990654	1485257.3233645	38225.091588785	389731.52149533
1188980.4595104	1486295.0282486	38238.824858757	389813.08474576
1186477.8109091	1483894.0581818	38255.396363636	389893.86181818
1187200.5839416	1484708.9124088	38262.145985401	389971.4379562
1185825.8467153	1483417.1459854	38271.99270073	390044.81751825
1185993.5709091	1483683.2654545	38284.530909091	390124.88727273
1185709	1483493.55	38296.1	390208.95
1185123.6613757	1483003.2592593	38302.23633157	390295.3015873
1185474.8992806	1483454.7841727	38314.726618705	390374.48201439
1184494.405694	1482571.5729537	38322.31316726	390463.91459075
1185443.4065934	1483615.1062271	38336.395604396	390540.16849817
1180936.4250871	1479213.4425087	38348.432055749	390624.75958188
1186359.7835821	1484721.4477612	38352.962686567	390704.74626866
1180059.6307692	1478525.3128205	38367.316239316	390794.59145299
1180387.5253054	1478937.8359511	38378.771378709	390869.04712042
1180869.2281304	1479522.2915952	38390.332761578	390956.15780446
1184744.2753623	1483493.5942029	38401.565217391	391033.26086957
1185791.924812	1484644.7443609	38416.090225564	391120.88721805
1179591.3867121	1478550.1260647	38430.480408859	391207.37989779
1178959.027027	1478021.027027	38449.52027027	391284.45945946
1183838.3913824	1483003.016158	38463.906642729	391368.74685817
1179774.6712095	1479058.3373083	38486.7120954	391461.13798978
1177820.4375	1477193.25	38498.770833333	391539.19444444
1178611.5728814	1478082.5491525	38508.528813559	391622.85423729
1185238.5185185	1484808.3703704	38513.118518519	391711.68888889
1177807.3676976	1477487.0171821	38524.027491409	391809.16838488
1177720.3092784	1477481.0378007	38541.010309278	391872.52233677
1177336.6540448	1477208.5920826	38559.215146299	391962.25129088
1177596.0337838	1477565.777027	38574.912162162	392038.47297297
1186375.3358491	1486460.4150943	38596.4	392130.23396226
1186047.3621013	1486274.4540338	38602.213883677	392261.74859287
1186139.3822976	1486456.9792844	38612.015065913	392342.8173258
1186411.962963	1486821.5925926	38621.762962963	392418.80740741
1186225.7260788	1486730.6941839	38633.335834897	392501.29080675
1185894.5988701	1486501.2806026	38648.225988701	392582.44067797
1185494.6011342	1486202.2759924	38663.95463138	392664.81663516
1185947.1939163	1486748.7224335	38682.182509506	392736.25095057
1185393.7509434	1486296.890566	38699.169811321	392820.92830189
1185419	1486414.6865672	38709.223880597	392896.56716418
1185814.7376426	1486908.7680608	38721.878326996	392980.91254753
1185000.4727955	1486190.7842402	38738.529080675	393058.07129456
1183249.0989011	1484533.4798535	38753.076923077	393136.94505495
1185560.3622642	1486937.8566038	38769.267924528	393209.71320755
1185837.4227188	1487322.264432	38781.355679702	393301.04283054
1184879.0334572	1486457.4052045	38791.784386617	393375.88104089
1184704.2636535	1486389.4990584	38813.589453861	393459.88700565
1184646.7709497	1486421.3705773	38826.770949721	393537.06517691
1185222.9323308	1487101.6992481	38843.127819549	393619.67669173
1181409.1471136	1483377.8100559	38853.91433892	393694.72625698
1184550.8851224	1486615.6610169	38870.274952919	393768
1183519.6865672	1485685.5	38880.992537313	393857.00746269
1183743.025641	1486013.7435897	38896.886446886	393942.74725275
1181653.218018	1484017.1459459	38912.533333333	394016.52612613
1183288.6878505	1485757.6448598	38932.448598131	394098.09345794
1182454.9594096	1485023.6383764	38950.516605166	394179.91143911
1180405.7754011	1483065.9679144	38963.800356506	394256.71301248
1181656.4501845	1484413.8819188	38981.121771218	394331.52767528
1176295.2107926	1479151.1973019	38989.423271501	394418.86003373
1183157.1181989	1486101.5609756	39004.255159475	394493.28330206
1179651.3614035	1482712.8070175	39018.203508772	394591.84561404
1179247.1915641	1482390.2706503	39032.53427065	394659.26186292
1175114.9982964	1478374.8620102	39050.289608177	394749.17887564
1180413.6190476	1483768.3296703	39061.208791209	394833.56776557
1181648.5882353	1485116.0588235	39077.742647059	394925.51470588
1179303.018315	1482871.2161172	39093.443223443	395007.72893773
1175085.5193277	1478748.4638655	39110.514285714	395082.50756303
1179866.2190813	1483614.5229682	39122.395759717	395154.07067138
1173739.0498339	1477612.2990033	39136.843853821	395256.64451827
1173563.5859766	1477525.015025	39151.372287145	395327.54590985
1174606.4373957	1478688.3071786	39174.637729549	395419.87312187
1179503.4886165	1483675.614711	39188.686514886	395497.01576182
1182026.1348315	1486312.1573034	39201.38576779	395597.38576779
1182284.4069098	1486698.8330134	39206.618042226	395711.80038388
1182102.2867784	1486599.150838	39212.759776536	395790.0707635
1182539.2380952	1487122.3466667	39220.213333333	395867.93142857
1181566.6201835	1486244.5651376	39231.794495413	395944.52844037
1181968.4155844	1486738.1150278	39245.142857143	396020.34137291
1181954.8279773	1486825.0510397	39261.988657845	396101.48204159
1181940.4603774	1486901.3283019	39270.566037736	396178.41509434
1181043.0264151	1486106.1283019	39283.539622642	396264.96603774
1181788.7258979	1486940.5595463	39288	396342.97920605
1181525.3707865	1486766.0524345	39290.074906367	396431.7752809
1181859.7910448	1487193.6791045	39299.074626866	396510.41044776
1181585.6075472	1487012.0528302	39309.094339623	396588.99622642
1180642.086629	1486163.6911488	39322.033898305	396669.47645951
1181082.4373832	1486696.6280374	39336.022429907	396747.27476636
1180071.837037	1485780.4592593	39346.585185185	396827.45925926
1177562.3173432	1483359.3062731	39354.140221402	396904.55350554
1177809.0935252	1483696.3165468	39367.489208633	396976.64748201
1176846.0869565	1482843.2391304	39385.913043478	397063.78985507
1180381.1407407	1486471.6296296	39399.37037037	397138.94814815
1177812.8218182	1484018.9818182	39416.814545455	397234.09454545
1179814.8	1486105.0490566	39430.701886792	397305.30566038
1176635.9061372	1483045.6173285	39452.296028881	397398.05776173
1180057.1751412	1486548.0828625	39466.63653484	397461.27306968
1180574.1790476	1487177.2647619	39483.001904762	397557.1047619
1176728.875	1483424.3970588	39489.985294118	397634.33088235
1176239.0922509	1483020.5535055	39502.922509225	397702.45756458
1172802.9505963	1479677.9080068	39512.088586031	397786.88245315
1177196.3500931	1484159.3221601	39520.886405959	400167.70204842
1176748.3193916	1483825.6882129	39532.121673004	400270.31178707
1172213.8723404	1479391.5248227	39548.191489362	400345.80851064
1177829.6301887	1485085.7207547	39560.135849057	400407.30566038
1177187.2015355	1484553.9731286	39567.907869482	400512.621881
1174406.1343284	1481860.8507463	39575.805970149	400587.61940299
1168494.9430052	1476034.8946459	39584.255613126	400658.47322971
1167972.4	1475584.3214286	39588	400724.74285714
1168769.3426087	1476475.9930435	39589.850434783	400815.66608696
1174213.3308688	1482013.1608133	39603.696857671	400895.81515712
1176144.3712121	1484062.3636364	39620.098484848	400991.76515152
1176268.8555347	1484295.6697936	39634.866791745	401081.3358349
1177085.6704981	1485208.9118774	39649.203065134	401157.348659
1175740.8665377	1483971.8762089	39668.054158607	401240.11605416
1175585.7437859	1483905.208413	39681.231357553	401314.05736138
1176477.5332068	1484915.3244782	39697.738140417	401415.74193548
1175238.0669145	1483780.3122677	39711.026022305	401503.43494424
1174971.2941176	1483606.2466793	39728.569259962	401575.27134725
1175189.2249527	1483925.0964083	39746.434782609	401658.7221172
1174419.9468691	1483252.1214421	39760.40227704	401735.47628083
1174612.7712665	1483538.1020794	39772.007561437	401813.8979206
1173862.9943289	1482878.2608696	39783.213610586	401893.60302457
1174357.9469697	1483469.1363636	39789.901515152	401977.27272727
1173392.0973783	1482589.4981273	39802.801498127	402052.11235955
1173315.6711281	1482614.3250478	39815.778202677	402130.52390057
1173246.5917603	1482634.8539326	39827.520599251	402208.74906367
1172525.7728119	1482018.5176909	39845.623836127	402288.26070764
1171135.6233522	1480731.0056497	39863.013182674	402372.7834275
1172971.6648045	1482667.4711359	39877.899441341	402456.55865922
1172114.6290019	1481898.4180791	39891.532956685	402529.55178908
1171280.7032967	1481159.4798535	39902.388278388	402607.40659341
1171587.0960452	1481569.1902072	39920.128060264	402688.47457627
1170789.4795539	1480872.8475836	39934.669144981	402768.57249071
1170503.43898	1480684.1092896	39952.93989071	402844.26958106
1170927.1654676	1481211.5683453	39971.158273381	402925.4676259
1170888.3375224	1481270.5780969	39989.572710952	403006.23339318
1170073.1705566	1480561.1346499	40000.926391382	403100.56014363
1170173.3857143	1480764.6357143	40017.635714286	403182.87857143
1166269.8080279	1476959.8813264	40026.645724258	403268.69808028
1166425.3515358	1477218.2457338	40040.484641638	403353.31740614
1166084.109777	1476979.135506	40057.680960549	403438.22298456
1166162.8089501	1477154.1273666	40069.796901893	403517.85886403
1164512	1475615.8637138	40088.449744463	403603.64565588
1168115.3416816	1479315.549195	40103.291592129	403685.28801431
1168171.3122807	1479477.6842105	40121.628070175	403773.45964912
1164797.3036021	1476204.9948542	40135.945111492	403856.26072041
1164162.811545	1475673.1816638	40152.801358234	403938.74363328
1164994.4444444	1476616.9236111	40170.708333333	404030.36805556
1163424.7816901	1475157.3309859	40187.408450704	404118.3028169
1164149.1205433	1475975.1986418	40200.665534805	404198.28862479
1163690.8442907	1475632.0692042	40215.660899654	404287.34256055
1163018.2817869	1475045.7594502	40224.357388316	404364.4467354
1163394.974359	1475522.434188	40240.54017094	404450.05811966
1163368.2030457	1475593.8612521	40250.165820643	404529.3536379
1164143.1472081	1476474.8358714	40257.901861252	404625.70558376
1162505.6458685	1474937.4637437	40264.492411467	404711.57504216
1171227.0334572	1483757.1821561	40275.17472119	404799.94052045
1171050.9268293	1483719.6622889	40288.127579737	404920.90056285
1171991.5103578	1484756.5348399	40302.244821092	404998.43314501
1172290.7504762	1485148.2742857	40315.908571429	405079.00952381
1172116.3802281	1485066.3193916	40325.847908745	405157.52091255
1169837.0056285	1482874.5966229	40338.348968105	405230.79174484
1170604.9338235	1483743	40353.051470588	405308.80147059
1170222.4301887	1483457.0264151	40369.237735849	405388.96603774
1171755.2270169	1485091.9324578	40384.322701689	405472.92307692
1170741.2359551	1484178.2172285	40400.217228464	405553.07116105
1171023.4621212	1484565.4015152	40420.939393939	405632.83333333
1171211.1340996	1484840.9118774	40428.720306513	405715.00383142
1169432.9537893	1483158.6173752	40444.606284658	405789.93715342
1169312.2422018	1483127.8825688	40458.444036697	405866.92844037
1168536.267658	1482455.4275093	40476.208178439	405949.16728625
1168287.6155268	1482295.6229205	40490.321626617	406022.01848429
1168327.5904936	1482439.2468007	40507.985374771	406104.59963437
1167913.704918	1482124.3788707	40522.513661202	406184.48087432
1168675.4233577	1482991.7226277	40544.182481752	406263.37226277
1170279.1939163	1484697.9619772	40558.114068441	406348.88973384
1166491.6588022	1481015.477314	40575.274047187	406435.9491833
1167152.9694794	1481759.5332136	40589.895870736	406498.57091562
1166250.6524064	1480967.8146168	40607.52228164	406585.50445633
1165775.66787	1480583.9711191	40620.144404332	406664.25270758
1166094.8436364	1481005.5854545	40634.858181818	406749.41818182
1170113.3257143	1485114.567619	40644.007619048	406824.82285714
1169315.8994197	1484424.4796905	40656.758220503	406917.67117988
1169547.0240296	1484748.6432532	40669.759704251	406990.64695009
1169519.2954545	1484828.530303	40685.757575758	407075.34848485
1164685.8078292	1480088.0142349	40695.444839858	407155.6227758
1169118.108818	1484601.260788	40706.281425891	407223.09193246
1169211.8576779	1484792.3445693	40708	407319.13108614
1167658.4166667	1483328.6818182	40713.984848485	407396.84090909
1165198.5799257	1480951.5687732	40721.70260223	407472.63197026
1168608.5009346	1484455.4093458	40738.527102804	407545.3682243
1160844.9982788	1476808.0757315	40751.745266781	407645.65232358
1159182.778157	1475221.9180887	40761.488054608	407706.68259386
1168441.4144487	1484574.6387833	40772.821292776	407789.65019011
1168923.8026565	1485171.0740038	40784.151802657	407892.70588235
1164927.4779412	1481268.3970588	40792.426470588	407970.16176471
1167932.8669202	1484360.4942966	40807.604562738	408038.76045627
1164053.5234657	1480571.7400722	40816.40433213	408122.31768953
1167936.1794393	1484546.1757009	40828.314018692	408191.92523364
1166895.0548204	1483628.3553875	40836.151228733	408304.69565217
1165953.2082552	1482783.2870544	40847.512195122	408386.73921201
1167877.7785978	1484795.3800738	40855.749077491	408467.4095941
1168220.9087379	1485236.038835	40864.178640777	408545.77087379
1167446.6817326	1484554.7495292	40877.355932203	408625.10734463
1166298.9413989	1483508.2873346	40891.017013233	408707.35727788
1166129.8426104	1483432.2456814	40904.928982726	408782.57965451
1166126.2791587	1483526.9216061	40925.323135755	408858.76864245
1166768.25	1484257.2348485	40940.613636364	408928.84848485
1165014.7829314	1482608.4823748	40956.571428571	409013.55102041
1166487.2816635	1484175.0775047	40972.098298677	409091.00189036
1164015.8523985	1481817.0184502	40988.250922509	409185.10701107
1166196.0604915	1484081.8374291	41004.083175803	409250.97164461
1165164.4830189	1483160.8528302	41017.388679245	409343.58490566
1166291.1574953	1484376.3567362	41030.30740038	409415.83301708
1166163.0704762	1484352.1295238	41047.192380952	409498.69714286
1165998.9363296	1484288.6891386	41064.666666667	409578
1163193.8194946	1481579.9638989	41078.433212996	409655.70397112
1163559.6282528	1482032.3271375	41096.349442379	409722.74349442
1165438.8830189	1484006.090566	41106.143396226	409806.74716981
1158953.8066784	1477633.8910369	41120.513181019	409897.56766257
1161528.8146789	1480296.359633	41130.436697248	409975.03853211
1162373.8254545	1481230.48	41144.756363636	410048.16727273
1161862.6642468	1480817.1034483	41157.248638838	410134.08348457
1162308.3247232	1481347.704797	41165.512915129	410207.88929889
1158119.7047452	1477252.1898067	41172.253075571	410289.59578207
1163330.2889306	1482552.9155722	41185.92120075	410366.31144465
1157609.3149742	1476954.4165232	41203.166953528	410462.78829604
1163494.5461394	1482915.0583804	41210.335216573	410532.09039548
1159908.797075	1479441.5429616	41224	410625.87934186
1160384.6631393	1479991.047619	41230.504409171	410693.15696649
1159837.3865699	1479560.0362976	41246.91107078	410785.63339383
1159146.0176367	1478960.3104056	41261.735449735	410861.44620811
1156300.5878378	1476218.0472973	41275.662162162	410946.25
1155576.0468227	1475591.3913043	41284.200668896	411031.28428094
1160002.1971831	1480111.1549296	41288	411117.42253521
1155096.5896147	1475299.0686767	41288	411207.65159129
1155513.442953	1475805.8657718	41291.013422819	411290.20805369
1155867.7301855	1476260.2158516	41301.193929174	411374.6846543
1159615.8857143	1480110.55	41311.992857143	411464.57857143
1156001.2827586	1476597.7793103	41316.234482759	411557.5862069
1164119.5513308	1484817.5893536	41331.041825095	411642.17490494
1163541.386064	1484354.9001883	41338.395480226	411747.91713748
1162851.5185185	1483765.6592593	41351.481481481	411834.91111111
1162704.173258	1483707.0885122	41359.856873823	411911.06591337
1162809.3058161	1483906.1763602	41367.65478424	411994.07129456
1161644.8210923	1482817.7627119	41373.792843691	412066.05649718
1162281.4280374	1483556.7252336	41386.198130841	412149.71214953
1161386.9077213	1482752.7834275	41389.725047081	412227.84180791
1161915.1486239	1483371.5009174	41395.67706422	412309.91559633
1161243.7638376	1482785.5793358	41405.704797048	412386.91512915
1161311.21673	1482948.5931559	41414.828897338	412469.12547529
1161073.6994434	1482803.9480519	41429.187384045	412547.29499072
1160537.2965009	1482364.7513812	41442.246777164	412626.21731123
1160057.1747212	1481968.2379182	41449.486988848	412699.15241636
1159822.2214022	1481837.8450185	41464.258302583	412782.77490775
1159382.9313544	1481495.2727273	41475.829313544	412865.06864564
1159447.6660617	1481657.4446461	41491.070780399	412944.47186933
1159013.2962963	1481314.562963	41501.992592593	413018.45185185
1159165.0622711	1481563.7802198	41514.871794872	413104.47619048
1159533.6672897	1482019.3271028	41524.336448598	413177.2635514
1157934.5313653	1480523.1143911	41540.959409594	413264.36900369
1158586.4134078	1481271.5977654	41552.826815642	413341.05772812
1157748.7366483	1480538.7845304	41572.70718232	413425.34069982
1157835.8130841	1480713.9588785	41581.689719626	413500.4635514
1155196.6064736	1478180.2930153	41597.124361158	413587.9318569
1154369.9963834	1477450.4520796	41608.766726944	413667.01627486
1153128.2298025	1476302.8150808	41623.238779174	413747.94254937
1153607.4050179	1476892.5304659	41642.960573477	413828.70250896
1153258.5836299	1476650.5907473	41658.071174377	413918.18505338
1156302.2311927	1479781.2036697	41664	413995.58165138
1152856.064632	1476429.5798923	41672.926391382	414076.32315978
1151214.4250871	1474881.7351916	41683.484320557	414156.18815331
1153163.5027027	1476937.2396396	41694.327927928	414248.2954955
1151175.1198569	1475042.3971377	41711.112701252	414324.64400716
1152764.3992995	1476738.5639229	41726.851138354	414412.74255692
1151364.415493	1475435.5774648	41743.014084507	414492.82394366
1151830.3834197	1476013.4093264	41762.749568221	414576.99481865
1151377.3084746	1475648.1288136	41768.623728814	414662.91525424
1150723.7948718	1475095.8290598	41782.700854701	414746.77606838
1151632.2550336	1476112.3959732	41800.704697987	414832.40268456
1150596.0674536	1475174.4418212	41810.070826307	414921.09274874
1150507.7252931	1475183.718593	41821.809045226	415002.80067002
1160471.5137255	1485250.227451	41832.250980392	415096.10196078
1159385.5750487	1484293.1851852	41840.132553606	415211.53216374
1159669.4341085	1484667.7286822	41848.790697674	415290.6744186
1159491.5813953	1484580.751938	41861.953488372	415362.89922481
1159003.8687259	1484192.7876448	41876.416988417	415445.44401544
1160107.9226306	1485381.5783366	41887.775628627	415514.76208897
1157973.4381139	1483337.5166994	41892	415597.50884086
1158382.705653	1483826.5497076	41897.614035088	415666.83820663
1158121.0712909	1483661.4797688	41911.352601156	415746.82851638
1156359.709369	1481978.5774379	41925.728489484	415812.61185468
1157068.6023166	1482788.5791506	41940.030888031	415894.05405405
1156636.3326886	1482449.377176	41952.239845261	415969.70212766
1156759.378119	1482669.681382	41968.990403071	416048.85988484
1155829.440613	1481829.2950192	41980.681992337	416123.73180077
1156472.8355899	1482567.2108317	41996.309477756	416197.88007737
1158266.390625	1484445.4921875	42002.390625	416273.5078125
1156659.0188679	1482940.4830189	42017.335849057	416356.79245283
1156464.5066163	1482828.7485822	42026.472589792	416428.46124764
1157257.1406551	1483713.2639692	42029.179190751	416512.27745665
1157596.9278752	1484140.2261209	42037.099415205	416591.61793372
1157761.6953125	1484405.4921875	42050.3359375	416672.9453125
1153346.935305	1480082.5286506	42064.643253235	416746.68391867
1155972.5506692	1482794.0879541	42073.521988528	416821.30783939
1150115.7248677	1477035.0194004	42085.813051146	416905.88359788
1153261.1261426	1480273.8500914	42097.864716636	416976.16087751
1149799.8877193	1476898.5824561	42104.098245614	417057.44561404
1156089.3561905	1483283.9085714	42114.628571429	417141.17333333
1155254.4386617	1482552.5130112	42131.605947955	417223.96282528
1155945.1737452	1483341.8918919	42142.247104247	417307.83011583
1152115.8761384	1479594.4116576	42146.448087432	417384.67030965
1152571.4172662	1480135.5179856	42160.179856115	417451.44604317
1148439.8197574	1476103.7642981	42176.824956672	417534.64124783
1151662.6018018	1479430.436036	42193.989189189	417621.3981982
1147800.0616438	1475663.6780822	42202.047945205	417702.29452055
1147621.6247849	1475592.9776248	42224.061962134	417783.38726334
1147782.7346939	1475846.2040816	42232.19047619	417863.73469388
1147889.7470489	1476058.7116358	42243.514333895	417956.06070826
1147681.3219761	1475950.8074957	42252.258943782	418043.35945486
1147583.1171477	1475956.9643463	42263.307300509	418134.65534805
1146853.3989813	1475336.5093379	42281.460101868	418217.8811545
1153057.3058161	1481636.8105066	42293.673545966	418304.10506567
1153625.3357934	1482323.4095941	42308.89298893	418403.18081181
1155936.7169811	1484734.0528302	42325.026415094	418485.17735849
1156001.8294574	1484910.3178295	42332	418584.57364341
1154982.3678161	1483986.7586207	42344.337164751	418667.50957854
1154962.1644359	1484057.2543021	42354.432122371	418737.78967495
1154438.1068702	1483625.1526718	42365.114503817	418816.41984733
1154170.1763602	1483442.7842402	42376.87054409	418888.41275797
1154139.351145	1483502.0076336	42380	418972.35877863
1154389.6865672	1483829.7761194	42382.194029851	419044.74626866
1153322.7041199	1482862.1348315	42392.838951311	419128.41947566
1153495.593985	1483119.7969925	42405.533834586	419199.30075188
1154674.2533081	1484405.6937618	42423.115311909	419285.99621928
1153088.1428571	1482920.556391	42440.977443609	419371.20300752
1152206.2124542	1482136.0879121	42452.527472527	419450.32234432
1153562.0520446	1483582.3717472	42460.364312268	419524.49070632
1152970.3585952	1483092.6136784	42472.162661738	419612.20702403
1151551.7221207	1481760.9945155	42484.321755027	419686.88117002
1151645.1220401	1481953.3333333	42499.460837887	419767.48998179
1151983.7001828	1482393.308958	42510.164533821	419848.97989031
1153071.954023	1483582.4214559	42531.540229885	419927.94636015
1149716.9117647	1480321.8088235	42546.904411765	420003.04411765
1153204.4894837	1483903.709369	42563.923518164	420079.37284895
1149645.8568807	1480443.0899083	42570.304587156	420167.54495413
1153001.5955473	1483881.729128	42576.586270872	420240.25974026
1151480.2361624	1482467.4095941	42586.774907749	420333.58671587
1149423.2554745	1480508.6715328	42604.788321168	420409.16788321
1148658.9117647	1479827.5220588	42616.705882353	420482.11029412
1145775.6256499	1477050.1490468	42632.755632582	420565.40727903
1145705.0053476	1477063.6078431	42642.310160428	420638.93048128
1144978.3817863	1476440.0490368	42652.273204904	420724.60945709
1149738.8296296	1481291.2	42660.740740741	420804.68148148
1147913.4113346	1479564.285192	42666.47166362	420898.18647166
1144672.2736842	1476393.6842105	42669.389473684	420964.82105263
1144388.9930556	1476215.1666667	42678.972222222	421056.40972222
1144113.0529915	1476035.6923077	42688	421138.99487179
1147735.0431655	1479756.5971223	42701.417266187	421220.33093525
1143437.9555556	1475556.9846154	42710.858119658	421306.85811966
1143476.7645051	1475692.2525597	42720	421392.70307167
1143644.8344828	1475947.6827586	42720.717241379	421474.67586207
1144226.5777778	1476627.0564103	42726.276923077	421561.64102564
1142981.3175676	1475468.8783784	42729.398648649	421642.42567568
1143427.6168067	1476015.3747899	42741.801680672	421730.59495798
1142099.3526405	1474790.6712095	42758.269165247	421818.15332198
