1497367.3304672	1482239.9281552	16364.576669533	92363.05760963
1495314.2437382	1481185.6909217	16581.885753886	94103.643995644
1493979.6634442	1480747.603527	16778.694996282	95658.527143312
1491698.0749027	1479186.5068093	16955.608463035	96877.475680934
1490389.3781577	1478635.4647968	17143.990394775	98163.179713764
1489181.2049689	1478225.4318405	17361.449493298	99338.642693691
1485249.1650485	1475503.4038195	17525.82865678	100419.39997866
1485723.8280467	1477343.3366722	17718.996661102	101564.95770729
1482407.1508785	1475483.0599694	17934.588235294	102784.7540107
1482411.6444557	1477211.0712106	18269.696846389	104141.82299084
1480139.2077684	1476447.5481861	18464.770611946	105432.24770978
1479953.4073278	1477820.833035	18664.87934121	106768.08115527
1478501.8075802	1477657.393586	18832.148423006	107866.58998145
1475582.4927766	1476164.0035622	19017.821492183	109086.05541263
1474589.6368491	1476735.1272808	19225.038718291	110409.34623943
1473365.45532	1477024.6499645	19423.346384015	111707.85312912
1471764.476714	1476989.560419	19628.767140338	113045.62348304
1469648.2932526	1476405.2093426	19830.912629758	114351.00951557
1469030.6429884	1477327.1173709	20034.286180853	115668.10287814
1467403.1788776	1477193.0126872	20227.639730255	116944.50611498
1465356.6547348	1476592.8994468	20415.304045992	118180.93285606
1463553.8900607	1476401.5716286	20623.765188987	119559.18432105
1464155.7163842	1478438.6813559	20809.980225989	120779.33672316
1462486.240454	1478025.0218702	20973.44603381	121857.34342121
1459749.5954903	1476807.0148702	21170.538244727	123157.48002721
1458648.9854153	1477309.0171211	21382.369477912	124521.76284084
1454062.1523424	1474179.5608535	21579.45738467	125751.64477292
1451548.7321897	1473142.558224	21774.128758829	127012.67083754
1450505.2658365	1473793.2680022	21998.23966793	128460.0205739
1449019.2037346	1473932.7815939	22216.496165388	129841.60542403
1450189.8986819	1476354.374464	22387.897093854	130898.50023821
1445824.8890211	1473376.6962214	22614.544877517	132036.13131013
1446020.9046405	1475029.6690464	22810.143294238	133274.054564
1444324.1396452	1474705.4805107	23012.463676421	134423.58965089
1442775.6145661	1474564.1101915	23198.393946559	135621.11941357
1441945.9299088	1475089.6951512	23378.434469515	136777.12145943
1439723.1182648	1474252.3826484	23562.688584475	137954.21415525
1437163.3446055	1473205.1719002	23768.128019324	139241.55434783
1439164.5124595	1476592.6780234	23951.343939181	140420.59693087
1436033.4465104	1474648.0948531	24111.911075182	141429.88305039
1434475.8131554	1474377.8198284	24282.355100095	142524.6706387
1434100.0578019	1475263.8254828	24450.54772822	143599.58593859
1432594.6396761	1474939.8079017	24612.765601005	144592.86109172
1430750.7220559	1474298.1442116	24776.640219561	145614.91816367
1430386.5182298	1475288.0275166	24957.332263242	146766.98463655
1427818.9425546	1474154.5731021	25151.883307051	147986.00495607
1428281.7513388	1475900.7179042	25322.839195253	149075.63989
1426229.9994847	1475045.2352486	25483.925792322	150089.89332646
1425467.1685514	1475669.0714055	25671.159504577	151269.6
1422864.1109643	1474557.9669749	25869.778952004	152539.98634963
1420126.5885241	1473348.0867342	26074.842998875	153839.05778869
1417001.236153	1471712.5520278	26274.559443801	155108.61830823
1417270.7366805	1473212.8923691	26438.79072624	156152.09519423
1416092.4806417	1473090.925806	26583.124479408	157050.04288138
1414107.2120504	1472336.2844465	26751.603456329	158092.4483886
1412195.1436127	1471823.4283086	26937.525583535	159285.67506037
1411029.5632132	1472090.2862953	27134.757202576	160496.14868376
1410122.8343991	1472523.8695028	27317.784679629	161634.38862064
1410871.1121951	1474428.877439	27472.824390244	162615.12865854
1406773.2185665	1471599.6858314	27643.333554891	163691.88346073
1408115.7518474	1474155.665922	27805.788623475	164721.29300567
1406072.9270847	1473191.3667249	27951.827581576	165636.35343091
1404545.2963216	1472861.3384384	28113.693969643	166654.25844387
1402978.8554136	1472616.4756781	28293.740865277	167772.82537548
1401262.5622412	1472292.744458	28482.343483557	168956.1680877
1400651.5683235	1472891.2381821	28645.404468764	169981.14363885
1399077.3263489	1472472.4421163	28803.99528549	170961.02828706
1397673.902836	1472348.6845869	28977.838224414	172045.46337855
1397333.3535714	1473308.3362245	29153.166326531	173146.79489796
1397016.4419411	1474191.2859619	29314.608318891	174168.67186597
1394557.9609623	1473016.4611893	29485.911938266	175255.66273264
1392880.1259415	1472714.6734165	29671.635016669	176424.1580442
1390212.9267936	1471372.5358712	29852.040995608	177550.85944363
1391913.7698842	1474274.5402317	30011.2	178572.03335907
1388034.3867104	1471647.4069386	30179.712509888	179635.81331224
1387781.2519977	1472831.3476646	30373.446933033	180857.84310636
1385845.4117088	1472301.122432	30564.167201045	182050.31278945
1385038.6187625	1472877.2469179	30752.270517788	183221.00786662
1384167.5149321	1473242.5809955	30917.478733032	184268.58944193
1382612.026305	1472817.7651733	31070.651870119	185230.15755583
1382206.9750343	1473598.6737997	31229.568175583	186237.28175583
1380349.3923432	1472934.9052403	31388.848221559	187250.60928591
1379940.5511265	1473689.7544772	31547.251877527	188236.10051993
1378981.7226867	1473860.436437	31701.585471317	189193.31277025
1376256.1039469	1472448.4070893	31879.931716864	190311.77122975
1374149.9256577	1471815.9706039	32087.264671424	191552.51847907
1372312.1174724	1471509.9732824	32300.55682782	192847.38210348
1371849.1618839	1472559.9995619	32506.589704272	194131.16100767
1371658.6224908	1473871.3097345	32716.36520613	195400.10835312
1369909.3457088	1473519.1247298	32910.041958042	196580.37533376
1366554.4290442	1471616.2760004	33108.310500451	197808.14642463
1366081.6741174	1472742.2932943	33328.986839357	199157.62648841
1366142.0854934	1474292.4615734	33532.090950432	200423.81855389
1366772.3198842	1476102.9144201	33696.079609191	201416.67378325
1364866.8513046	1475169.0160327	33828.410562716	202241.83715813
1364294.43309	1475573.1366006	33962.615224192	203068.52415711
1360234.4982935	1472765.8243872	34133.174061433	204131.8163202
1358218.6544992	1472309.9724109	34344.582342954	205458.86417657
1357609.9270386	1473234.1167382	34554.970386266	206755.46266094
1354919.4103784	1472062.7128937	34787.849535463	208013.73849989
1351559.9600136	1470188.6229694	35020.956492105	209234.10837215
1350955.0253859	1470980.0515372	35229.397116979	210382.9110856
1350774.3716063	1472030.4649321	35414.79638009	211410.32239819
1350361.7515341	1472900.9753387	35594.013662151	212497.15827255
1348628.4087351	1472731.9052328	35874.869386073	213762.30943552
1352113.1435286	1477517.9546752	36072.398187007	214842.61541044
1347602.7903891	1474300.5674073	36246.976977983	215939.07027244
1345462.2268612	1473719.3485994	36457.341569922	217268.19554798
1344618.7993611	1474296.389237	36648.614326084	218475.06524143
1346314.5065963	1477148.0488127	36803.341029024	219458.27836412
1343822.9464622	1475757.0573043	36950.292709174	220391.36669357
1339828.9095901	1473196.6969994	37145.939203765	221611.74465581
1341426.3898097	1476184.9453653	37352.912829957	222770.35788828
1337864.6092882	1473964.8139218	37558.824195408	223887.77985114
1336257.9509559	1473963.752177	37795.017115404	225237.09458513
1337133.1974522	1476124.413305	37981.167728238	226314.03397028
1334862.8351699	1475020.3494031	38141.720385675	227302.5523416
1332738.4970906	1474387.7082294	38342.490856193	228572.47921862
1333323.3773717	1476220.7547435	38510.388615601	229628.16865777
1329132.9377554	1473339.3256676	38688.354271596	230742.07963509
1331328.4299652	1476864.7170732	38868.903135889	231867.5554007
1327313.8295836	1474109.8906648	39040.618141097	232941.58688792
1325756.0085907	1474144.9511147	39254.876252812	234294.82061771
1324225.5562466	1474172.9737265	39461.005898123	235620.13512064
1323998.2300474	1475466.9823933	39665.46209805	236915.34464945
1322656.9596723	1475413.7681159	39839.652173913	238008.84751103
1321388.0240012	1475223.8799941	39987.168739939	238917.52495244
1321572.9389812	1476379.3215152	40129.056167195	239729.17633887
1319490.8817674	1475335.7676258	40272.195281604	240608.47838538
1319329.6150104	1476365.0006949	40433.670604587	241615.31897151
1316171.1452475	1474490.0864513	40610.763188473	242703.08296537
1317014.4953197	1476551.5748056	40777.189909567	243737.91337458
1315696.467074	1476346.5928038	40927.741479973	244682.51622539
1313510.6218529	1475420.8498078	41099.619496465	245750.10343545
1313579.7684999	1476709.0054708	41266.156061042	246785.80593147
1310876.4710395	1475208.657205	41427.342795039	247809.33537911
1310612.8365714	1476149.7811429	41587.584571429	248833.33257143
1311421.1837889	1477950.3698398	41710.252214892	249682.13459001
1307095.1205176	1474786.1568154	41854.586687137	250682.09452791
1305229.7644458	1474402.4136407	42037.108935901	251959.78991685
1304856.8632539	1475576.2278763	42219.498428789	253296.67511404
1303233.4264061	1475324.139875	42362.170456056	254500.72649914
1301587.3031107	1474941.9141548	42513.292982879	255593.92380034
1302317.0628542	1476950.0561566	42666.379701185	256701.82792375
1300533.6500144	1476323.2058908	42781.830205025	257720.91943402
1299998.70047	1476887.9874662	42899.16536106	258686.79504344
1296569.5138147	1474701.4367309	43046.849315068	259763.53285349
1295319.5524804	1474788.4508033	43183.609241234	260946.01055471
1295153.0444885	1475838.9617455	43301.438934542	262025.60272032
1293655.9447846	1475599.7907158	43427.485249917	263136.006234
1293074.2634645	1476285.4125338	43550.972289328	264247.9550945
1290112.9678925	1474555.8453505	43661.513165204	265356.1168759
1291599.1536763	1477212.4775004	43788.8368144	266374.50704704
1290041.0339229	1476676.3566251	43903.799942012	267266.95679907
1287998.4944585	1475861.6429277	44012.468341929	268369.87073412
1285123.263985	1474371.1077753	44150.693561628	269591.95871936
1284235.2407449	1474830.0125645	44267.617680054	270800.04173211
1283326.5434612	1475230.9219525	44403.080657792	271948.83215871
1284249.487154	1477223.3177524	44507.17122493	272896.01259738
1277993.6538821	1472170.6379794	44614.766448394	273974.61469702
1277430.6234768	1472851.4212556	44727.614993059	275082.16134506
1273317.2581629	1469902.7942605	44820.846458027	276139.91503785
1272210.0105379	1470104.9239064	44934.849650778	277312.88910673
1270196.9993953	1469464.1100585	45041.342068131	278561.05543237
1268449.1462998	1469203.0087358	45130.115071794	279927.64534592
1272429.507878	1474402.4016091	45223.616493463	281038.94535702
1270136.6569536	1473238.9346578	45308.271523179	282070.64988962
1268604.8575233	1473145.1811943	45424.006965072	283370.35952064
1269972.320802	1475672.8043185	45529.543859649	284402.11914401
1265907.2099074	1472706.2728692	45631.269851181	285383.97460714
1267369.8649539	1475376.7272727	45729.509222661	286474.7911726
1267802.2421087	1476760.47055	45821.471526196	287319.67198178
1267002.0818845	1476860.2176108	45908.88539914	288117.53673584
1263820.4703423	1474678.9605435	45995.918996603	289014.56754638
1262889.6636101	1474946.5665117	46097.076749152	290095.25687728
1262379.3035116	1475582.4345039	46199.768031473	291120.49307883
1261834.4454343	1476029.5819281	46265.814826599	292029.30957684
1258032.1212914	1473419.776178	46379.940663176	293093.38787086
1260409.5015615	1477036.4022486	46522.018738289	294168.73266708
1256114.9208861	1474033.5011867	46647.734177215	295314.30656646
1253829.4429206	1473353.7781141	46801.084649579	296741.18376998
1253296.8892471	1474332.5830071	46954.548008289	298072.39511858
1252087.9390355	1474458.2579618	47068.968607825	299272.13375796
1251953.9029638	1475708.9290889	47189.865203074	300513.49637761
1250217.4322839	1475272.3228386	47291.828585707	301694.22988506
1248384.0713908	1474635.5489159	47393.384981491	302768.1427816
1247779.0957078	1475166.7032791	47468.137563316	303811.99306852
1245842.6236512	1474483.5133231	47556.178815239	304955.88548778
1242824.6008683	1472940.4507477	47666.028364689	306295.6777617
1245113.838933	1476497.3466149	47786.525071754	307420.1877427
1243871.1675749	1476175.9747956	47877.564032698	308237.14373297
1244565.3171399	1477792.2805337	47967.388983921	309055.42593226
1241169.7740954	1475581.1049816	48071.561195595	310114.96675406
1237462.4369414	1473361.8446872	48191.39265144	311463.43912612
1239514.1049383	1476689.1598765	48300.938271605	312605.98395062
1237211.2533512	1475557.515639	48386.702412869	313671.09919571
1233589.2659349	1473367.2181783	48463.099557096	315004.83073368
1233358.9739793	1474655.2418024	48579.22868627	316376.89147451
1233022.264519	1475559.1683168	48682.649327619	317497.68228166
1231147.477426	1474869.9673105	48777.879986284	318569.33821008
1231735.3524345	1476566.4721392	48868.687642819	319567.94867288
1230554.3182684	1476272.7494372	48946.560692641	320366.22753247
1229456.0487385	1476165.149656	49039.532683486	321248.11869266
1226526.9076667	1474425.0391645	49141.288393069	322315.28934251
1223841.0816104	1473026.1147987	49321.830794342	323401.79978237
1221457.8628513	1471956.9978539	49429.817475728	324587.92273889
1218615.102439	1470614.5644599	49535.877750124	325953.62906919
1218142.3729884	1471680.9327673	49661.790107612	327343.54348899
1219537.3912217	1474342.1910949	49773.990809697	328478.88258596
1217758.5505652	1473555.2985029	49862.293919951	329366.53895509
1216131.8894319	1472929.5888821	49940.83995113	330271.22235797
1213806.7582842	1471831.0494003	50053.650335434	331367.22829843
1213737.0589677	1473096.283263	50174.894729675	332557.33133597
1213012.1148758	1473429.6282672	50277.336560181	333495.15392062
1210342.2261688	1471961.0638708	50390.66395635	334565.92617952
1208893.1579499	1471937.3772141	50498.816057017	335867.42270202
1208405.3068265	1472914.4163248	50625.024929	337180.78552645
1205279.9727096	1471224.9239766	50740.595624865	340778.59172623
1203250.5646395	1470470.7778225	50844.907504363	341928.22070077
1203566.9621692	1471837.3515181	50940.891703199	342868.47475239
1200609.7459931	1470044.1136288	51032.566375594	343921.27998231
1201114.5081081	1472042.5163636	51178.494742015	345246.43931204
1198469.0533824	1470875.5524351	51302.144656191	346576.44578179
1195136.7550253	1468941.0228958	51426.288724068	347830.85327314
1194710.0648244	1469986.9008934	51558.848950758	349139.74568876
1194309.3667335	1471037.6842574	51702.824315297	350424.92006235
1191765.9584879	1469934.6142585	51811.472575955	351732.79173769
1193927.3055963	1473330.8174254	51915.195301028	352842.04927394
1189630.6551545	1470234.6905232	52011.89971913	353928.43233122
1191799.6420733	1473599.2247172	52116.223535371	355000.56187743
1190729.4461128	1473442.0206874	52182.061394728	355833.3680347
1186420.9197972	1470312.5948463	52263.480492601	356911.57363138
1186290.4102564	1471505.268556	52384.656410256	358093.92442645
1184518.5054945	1471037.0503401	52498.343903715	359264.09293564
1182748.7860113	1470700.5928137	52607.222518392	360568.2452287
1181191.2623427	1470489.9753146	52717.77589545	361783.99322362
1181012.8864592	1471488.5623773	52808.363891225	362846.98962714
1181243.9119699	1472714.9221685	52901.092145285	363729.40633387
1177574.7570597	1470195.7973849	53016.372266784	364749.16075157
1178271.7443133	1472131.7425857	53124.708897207	365854.03282465
1176680.7531401	1471724.7613527	53238.514975845	366909.1942029
1176338.7971106	1472512.0113065	53335.19660804	367922.49371859
1174051.3604126	1471213.1540941	53436.606060606	368792.27208253
1173391.8391846	1471583.4416761	53524.434314836	369714.39184598
1173185.0408973	1472369.9340811	53611.638999137	370607.56376186
1172213.5598406	1472339.1611155	53700.713944223	371440.1701992
1170798.7121404	1471963.9556491	53793.879578947	372374.42189474
1171331.2389775	1473510.0209298	53893.907702865	373270.34414136
1167357.7826038	1470690.7535347	54016.476416695	374283.47336274
1169590.5523179	1474074.0119205	54122.824503311	375312.24370861
1164608.882501	1470312.315149	54243.280318926	376390.07469576
1165081.570066	1471981.6397652	54381.167278063	377424.06823184
1161018.5143436	1468813.7219035	54474.243671954	378212.41984475
1159682.229155	1468578.5285602	54576.926495343	379199.82852654
1157653.6272053	1467865.9590897	54698.570698031	380364.3441575
1157616.0490651	1468955.0198953	54798.586686612	381368.69768138
1157361.4538321	1469764.6708701	54896.696090794	382322.97155668
1155690.8560812	1469187.7358868	54995.327711877	383297.25653852
1153699.7414408	1468324.4790482	55093.252610707	384308.50812954
1154459.2520535	1470109.8753422	55150.460299565	385260.04123047
1152095.3693196	1468826.1285463	55231.70876224	386239.59276927
1153253.7596958	1471001.2768061	55323.076045627	387155.5026616
1150662.4535465	1469285.1681652	55404.195138195	387933.74159174
1148062.4404151	1467829.1385563	55504.004105371	388958.10833618
1146287.539769	1467466.2044018	55654.896055786	390198.20963173
1147060.002939	1469611.549351	55808.085231447	391397.40289003
1147856.4325359	1471463.8507177	55915.574354067	392324.87196172
1144813.1062135	1469413.5103558	56012.023366968	393205.7519915
1145572.8708037	1471231.0559512	56123.990505256	394134.38385894
1140679.3043478	1467481.3334839	56235.365782044	395152.61208357
1140337.9848126	1468451.0364745	56359.011079298	396320.28930661
1139916.4192969	1469256.1283038	56461.945085964	397418.49114704
1138622.3336534	1469225.4243879	56592.754680749	398532.34277484
1138325.0598434	1470092.5357942	56675.501677852	399600.06655481
1137148.0687838	1470027.5545694	56764.459853002	400600.18416308
1134807.6991336	1468835.7001838	56870.584930428	401623.82882646
1133779.429269	1468965.8006239	56976.578868846	402658.86884579
1131257.3801768	1467673.8776175	57074.948813402	403770.72964169
1132366.0955724	1469974.6344492	57139.454643629	404877.59341253
1130607.247379	1469456.6879322	57232.106178898	406007.89471336
1128585.865082	1468839.8785078	57368.987784747	407251.70551337
1129031.9162791	1470485.9491473	57478.031007752	408323.95224806
1125800.6217033	1468495.245283	57593.117898468	409430.9408944
1125813.6283376	1469831.4048034	57718.403327519	410605.8172548
1124104.4502707	1469216.8703334	57806.007409518	411594.89712169
1122332.1615662	1468667.9612961	57910.48919892	412694.65751575
1122368.5777778	1469937.8644719	58008.378600823	413809.1133059
1121802.8909062	1470432.7982163	58106.118171683	414752.43127887
1120140.1552298	1469891.3524701	58217.830232845	415745.78637428
1117969.107483	1469008.5519274	58318.537868481	416913.92562358
1117503.0750414	1469804.1416741	58408.435724296	418063.91795133
1114995.8959055	1468520.8805061	58491.431299988	419183.47904978
1114113.1490798	1468957.9405423	58583.9512142	420394.56343243
1114656.6626447	1470650.7118865	58655.433230067	421450.43339312
1110624.3124627	1467716.4045319	58731.540131187	422452.44937388
1111043.3103448	1469289.4914451	58787.889971045	423530.6559621
1110005.9784073	1469536.6648851	58883.520684126	424702.18150722
1109549.7274633	1470338.0556254	58976.180013976	425840.43885395
1110173.6357604	1471938.4885629	59042.521389907	426731.18491357
1107363.4674431	1470124.4981472	59108.400211752	427651.73478031
1104419.3101129	1468384.4083594	59197.619505165	428748.28921451
1107887.6150895	1472943.9328645	59257.953964194	429758.94820972
1105479.3550043	1471539.5717137	59331.959509552	430675.14285714
1102198.1404806	1469507.1283631	59412.261655371	431828.7278702
1102021.1269036	1470667.7519942	59485.498187092	433068.4442833
1099464.2203767	1469504.1859429	59594.864492607	434325.9432854
1098100.3486092	1469631.4064439	59693.573744247	435694.38623174
1098109.4810059	1470948.0288925	59779.673087212	436897.63509898
1095764.4973983	1469859.2528406	59851.817351598	438062.98778804
1094569.1612903	1470111.0600806	59944.593951613	439392.73145161
1093912.1281521	1470941.6539893	60055.094253824	440744.53865234
1091451.3806008	1469940.8726611	60143.33690705	442095.20744412
1092327.3960914	1472108.2780072	60234.026424443	443275.7550234
1089667.7331	1470692.7643842	60328.203894115	444408.01618902
1089752.5356806	1471959.3385728	60418.917321597	445478.10814209
1086555.4925373	1470003.3448547	60496.739591516	446619.16142969
1087233.7197574	1471913.4510054	60557.398021066	447763.83083307
1085138.5096817	1470938.2239039	60616.537725351	448813.57088805
1081760.3429778	1468923.4002112	60678.326927138	450090.88616684
1082472.271909	1470967.2761724	60755.892941734	451324.46281383
1080512.3257329	1470258.3848474	60825.010495838	452482.04077693
1077983.1765703	1469123.0978435	60901.544401544	453784.95752896
1102345.5548842	1494379.7985901	60964.858006042	454585.83282981
913369.75614495	1461834.6126494	65253.227241815	605052.7675119
911234.2091053	1461240.0093101	65315.369891072	606501.01368588
912787.73922315	1464095.6722011	65400.042650419	607695.90616908
908622.2108485	1461278.3703452	65477.467097432	608950.7900017
907369.33041575	1461677.9438683	65557.489487204	610497.49595662
904983.25178801	1460880.9873464	65644.826334128	611972.84724005
906971.10570578	1464255.0337689	65723.319963773	613255.45296934
905118.5939357	1463439.1954899	65758.926710346	614243.71842145
902152.10784541	1461592.9460773	65814.937283036	615285.41633881
903042.20338983	1463606.3978254	65867.989126959	616322.72081868
900548.04698847	1462275.3716361	65943.868859462	617394.94404101
898694.10762574	1461679.246079	66015.873985938	618560.7155219
897802.43863081	1461948.0151589	66082.42396088	619638.14914425
899375.73164289	1464680.0903328	66132.565240359	620724.83571051
902320.39897584	1468811.1472782	66199.752866526	621829.29355449
899957.07494737	1467800.8703158	66260.081684211	623104.58526316
899615.43423423	1468815.1126126	66322.175225225	624374.35045045
897438.40338676	1467991.4053019	66360.86604173	625669.47646407
895560.53831078	1467615.5154456	66412.742137191	627095.45534298
896918.98524901	1470272.1811012	66479.356798598	628307.15349788
895385.28093159	1469750.43377	66519.984861718	629257.3705968
892364.8743975	1468006.3933466	66573.478121161	630462.17143937
892892.6556438	1469854.6725687	66611.134487697	631728.24996745
889917.96787402	1468160.1301837	66680.615223097	632917.30981627
890751.79129509	1470240.2198855	66728.167176893	634093.02861706
887663.03708064	1468425.5758289	66766.647047283	635312.1463606
888291.49560292	1470284.4716053	66804.117454166	636482.18333582
886520.58280174	1469577.5988773	66849.13804542	637486.77264608
885082.48502277	1469323.2619219	66898.341720585	638601.65540379
881987.47960433	1467598.555252	66943.673669336	639908.66321244
883426.24315112	1470382.8264108	66993.090266381	641184.33834112
880766.22944937	1468956.2749804	67041.366378827	642348.62935965
879396.02715028	1468913.5199915	67080.606214869	643615.53420299
878896.50982757	1469689.0963463	67111.56686362	644838.19172796
877916.54214611	1469854.4404603	67150.810275622	645926.57158148
877410.15135422	1470432.1848115	67175.961763144	646962.45937334
877562.49343372	1471538.459114	67195.32060935	647882.18595693
875035.50938891	1470104.3026159	67240.114186476	648912.90915011
871839.67536078	1468143.7198464	67299.529723289	650067.51383556
872107.74475066	1469422.9593176	67350.790682415	651011.85695538
868670.73413204	1466981.9913332	67366.298241142	651975.72113179
866423.55700972	1466036.281975	67405.779099742	653216.55562165
864371.4129979	1465459.7640557	67444.569468268	654636.22603392
863615.20116983	1466145.9920618	67481.091706706	656017.63484437
862067.82617463	1466018.7666868	67535.723734624	657360.9405122
862917.10417667	1468050.7850856	67583.649223876	658474.87534005
858965.93766043	1465346.550055	67628.116244958	659660.77044371
858781.75814438	1466501.6627574	67661.185822257	660944.17409434
856669.59047517	1465622.3348707	67701.535128178	662116.4045908
858075.40789474	1468177.8456938	67726.370813397	663221.02870813
856310.08253415	1467378.0738158	67739.658238884	664159.53618134
855268.39833131	1467386.6338312	67773.333333333	665155.21625622
851356.06577042	1464727.6517063	67825.350155119	666336.63164426
851169.17456307	1465935.3733418	67875.343861866	667656.80185302
848547.51240993	1464714.3899119	67913.70256205	668998.09527622
850828.91877775	1468287.6119091	67967.962914599	670215.18412118
849071.37680943	1467566.3142815	68024.108043576	671177.82301149
846025.18377088	1465625.0630072	68074.286396181	672220.43627685
843561.06488216	1464294.9351178	68128.97526913	673277.57521094
843432.78106509	1465137.3329181	68166.651510433	674194.11896605
841434.00594853	1464183.6420535	68217.95215311	675171.85826975
839407.33191727	1463378.9849078	68272.240134153	676322.47780883
839021.34976303	1464335.2088468	68317.46940495	677596.43138494
836195.9830491	1462903.6556072	68368.890542636	678916.42832041
835577.32457829	1463661.2299332	68441.330465301	680190.81399298
833979.00810661	1463355.5860078	68490.580344253	681418.42487507
831803.09546822	1462643.6163035	68553.646393727	682796.50697547
831545.31415241	1463756.2654225	68611.105754277	684086.45878694
829938.54771395	1463330.5383353	68656.359202814	685202.45486518
827582.18602207	1462315.7326327	68734.523594325	686445.58991067
826719.91476156	1462859.1041688	68791.154236061	687771.98220751
826072.57361111	1463539.5018519	68823.196296296	689046.2587963
826214.76423208	1464830.2591126	68843.990716724	690152.57774744
824264.77506059	1464074.1590659	68893.699052655	691283.61621503
822700.49760989	1463822.8793284	68961.606155999	692506.06785589
824456.34299112	1466638.2207335	69000.32624351	693512.04086418
820841.73107452	1464066.7873475	69030.395924653	694508.34735221
820650.27815943	1465074.7961115	69088.394037589	695627.6500324
817478.36335318	1463266.8016491	69151.551442968	696909.3790197
817995.80437774	1465184.4087555	69219.707817386	698218.18486554
815263.7645165	1463661.670921	69259.973784063	699369.73393124
814105.11261872	1463856.5915875	69333.345997286	700630.13505897
812541.27490996	1463722.2112845	69389.339735894	701982.54301721
812344.08629376	1464814.0648495	69434.774835293	703204.94354735
810275.47462452	1464048.5548248	69479.007362325	704443.77814862
808921.56929442	1464088.9404735	69548.129625373	705742.2831533
809118.83304746	1465437.7461407	69592.473413379	706829.78845054
806898.68636669	1464380.3984777	69636.328184464	707930.28117305
805555.74606374	1464249.5911324	69669.9831213	709094.31414536
804406.75223515	1464290.2378445	69722.862951623	710205.41041029
802976.54036731	1464068.1636879	69783.341797116	711334.11610995
801257.53739772	1463573.977642	69833.055203411	712492.7094618
802249.99235182	1465732.1354821	69875.043977055	713596.04206501
800640.34846564	1465242.8597515	69924.282525995	714650.81105757
799420.68716861	1465204.7479675	69957.399316602	715779.66914104
797984.61566361	1465050.0428426	70022.427745665	716974.56466055
796093.79017727	1464559.8860796	70078.298944105	718297.17020246
796119.76250658	1465894.2301211	70127.843075303	719534.62085308
794838.30311655	1465649.5796215	70166.394763057	720516.30112424
793979.63985083	1465861.5956313	70217.830047949	721520.36600959
792045.49732171	1465183.5500473	70275.542905157	722694.19892868
790011.04266119	1464535.8384275	70344.538287072	723988.28339994
788364.77920998	1464264.5301455	70397.809147609	725292.89189189
788137.60544532	1465397.5532995	70463.212275035	726557.98707891
785860.03051546	1464474.0927835	70530.558350515	727826.30762887
785409.89488503	1465355.4162365	70583.232754575	729081.89160019
784821.02923096	1465982.1929494	70635.420398946	730224.5073391
783070.13124787	1465468.4850958	70693.623937436	731382.60228947
783001.04330764	1466574.3674842	70746.657883672	732483.47189909
780167.48599741	1464947.0719517	70802.474364498	733617.82033606
778579.41245709	1464646.502207	70866.785679255	734821.13879353
777372.68922143	1464703.3988289	70913.494252874	736017.99349382
776816.33997344	1465430.0118315	70966.095376071	737225.80948932
775579.43142344	1465533.1958475	71024.560590936	738491.64663606
774779.78712598	1466114.55228	71065.933973722	739806.40256155
772182.16596462	1464856.8812131	71105.879106992	741084.50210615
772139.83257157	1466100.4070243	71141.242723118	742315.62184268
770789.63614104	1465932.7179236	71168.787463271	743453.79040157
768488.73384707	1464967.7684252	71218.212211025	744715.91306066
768382.72816212	1466141.2215234	71275.40293501	745908.39580713
767037.36186535	1466038.850106	71326.974462501	747088.61007369
764546.64942649	1464954.2485923	71368.26527633	748430.91803962
764782.62244796	1466617.7460412	71417.775520366	749785.35125983
763363.15596803	1466492.9827275	71465.602990461	751013.63547306
760807.08714175	1465279.3938807	71539.773431448	752264.79744384
761144.13753233	1466877.8609463	71609.808610984	753432.29332116
760612.0651719	1467322.7521674	71654.67922272	754348.62361734
759255.25093014	1466982.3772909	71694.712966791	755311.64833953
758269.63176895	1467044.3315283	71752.437424789	756278.03610108
756930.87722394	1466715.2589325	71816.08822232	757208.62108513
756542.11000622	1467303.2616532	71862.840273462	758123.32193909
755664.14930501	1467364.6509449	71900.091831954	759009.06137748
753059.35307081	1465996.1375874	71956.332279391	760172.3552745
753489.10004896	1467647.69055	72012.337522442	761314.36069855
752358.66163826	1467451.0773872	72049.261728768	762197.10423895
749660.30449233	1465908.0141525	72086.77431114	763301.20424574
748099.73487578	1465811.5046463	72160.24009103	764667.87483406
747179.37175276	1466389.0753459	72216.636607943	766085.90982383
747096.83045623	1467508.2607891	72251.741676942	767230.95437731
745273.50717342	1466719.2917191	72275.788572867	768226.16863831
744303.99632498	1466834.7000919	72309.845386534	769255.9847749
742343.520421	1466082.3562521	72370.358540213	770384.57384739
741549.90652048	1466552.6767455	72414.253664166	771587.6339296
740864.27846193	1467058.6494094	72444.410655944	772730.99623021
736928.11579735	1464316.6937859	72503.008235588	773838.97479411
737075.02273988	1465606.3993344	72574.670549085	774896.26566833
734749.18322204	1464504.119783	72621.252504174	776054.10893155
733526.25957626	1464510.9370001	72672.343482531	777210.55535288
729151.01412339	1461362.7121164	72732.877561856	780662.55580333
727652.27340904	1461216.1971288	72772.173987572	781953.14248982
726384.61923957	1461302.8839743	72830.330537096	783230.68613139
725132.93958649	1461449.1723651	72893.592738275	784544.9799294
722301.76712842	1460093.7914639	72928.12766754	785965.38936728
723556.7053181	1462637.4264353	72966.776132036	787192.07730286
721364.04398588	1461509.5628564	73005.763236492	788195.15992398
721543.04405286	1462745.6095815	73037.669603524	789204.07433921
720257.94451019	1462534.3100592	73069.869822485	790231.55608153
719399.02080567	1462710.5710491	73091.845949535	791222.91456397
719749.31877133	1463980.7474403	73119.788395904	792100.61296928
718903.00523903	1463996.2901113	73136.743942371	792929.18991487
715433.96005845	1461692.0070141	73153.544666342	794057.14174379
715809.34857912	1463241.873886	73191.559441735	795174.17117875
715289.00111164	1463624.1670637	73232.462442433	796023.83357154
714340.94724733	1463582.3296631	73259.090221857	796883.45571076
711209.71415313	1461495.9921114	73279.425058005	797896.61067285
710182.50999236	1461769.8276728	73320.900731681	799128.91339959
710909.5450543	1463636.0575286	73341.258585266	800229.26034635
709424.6963919	1463132.0704019	73363.223819302	801169.4262247
707658.34127789	1462400.4396552	73365.868154158	802186.97058824
708323.21898598	1464091.5641855	73384.430266605	803179.32994298
705412.33775685	1462322.1108733	73414.805222603	804277.80907534
703097.47953869	1461447.9389881	73449.318080357	805661.9624256
703413.83434476	1462967.8950303	73467.609644087	806823.88715762
702802.50243375	1463325.3126014	73488.336938886	807756.97295836
699633.0165072	1461376.1013563	73520.831878877	808925.18389234
699057.11082408	1462040.8292431	73545.012141565	810120.26814777
697118.32380546	1461355.1083618	73594.889078498	811301.67320819
695180.56473579	1460887.0226984	73636.193208644	812708.23787906
694513.70207982	1461641.5284992	73661.827993255	814079.7693086
695520.44705136	1463747.944832	73688.607482562	815134.64045656
694048.7277037	1463202.5671111	73700.055111111	816036.65007407
690409.70234234	1460656.0917718	73733.47027027	817076.56936937
688441.94907089	1459765.9815554	73747.904198211	818120.22188575
686324.36567926	1458861.0194076	73769.145250255	819296.51031665
685323.42471338	1459155.4929936	73827.177070064	820511.73605096
683309.76417014	1458450.1428156	73853.358395504	821772.95223331
681453.88367429	1458051.2896109	73893.093461693	823168.86121139
680765.10706296	1458738.8810056	73914.193245978	824500.83860658
680823.48068791	1459987.0814773	73941.256272907	825640.60163518
679840.2733713	1460023.4076955	73957.633004584	826623.47381581
678858.26212061	1460288.0902641	73983.230193142	827825.13519905
676220.66210725	1459104.4714045	74020.977302012	829216.82624641
675191.06940269	1459350.1361913	74058.372500327	830438.31760554
672809.36671408	1458275.3259365	74091.529255571	831689.57799905
673418.45323289	1460232.8080352	74123.227620841	832980.07934714
672162.19428008	1460126.8560158	74146.310157791	834093.91074951
670647.20741144	1459836.7991281	74159.953351499	835286.60490463
668912.8083235	1459425.791698	74186.430548107	836564.80789445
668036.57205991	1459794.7016941	74207.089123496	837768.08249448
666241.5575771	1459227.6112714	74230.70290659	838951.63523408
665237.99015604	1459559.7897162	74262.972876741	840235.91035711
667103.05191434	1462553.3062946	74287.280337443	841321.17975341
663733.45055959	1460231.7097035	74306.923272182	842335.94507904
661367.3827504	1459222.3430048	74335.495627981	843639.42448331
661462.99889094	1460641.0548367	74373.646826864	844902.31866913
658542.62343018	1459054.2980319	74396.518837863	846196.3715089
657295.21282348	1459324.3835458	74436.319042101	847647.05639243
657355.15174411	1460686.6676741	74464.406497922	848902.16345548
656218.35613151	1460721.1106311	74491.593952484	850025.29637629
655342.37588909	1461051.8842676	74527.563592526	851174.91693791
654805.4015834	1461642.1932842	74558.953316953	852252.44772045
653516.000877	1461528.671344	74580.598991449	853386.77614558
649826.4368208	1459178.030684	74621.670573194	854664.79266993
648371.60448167	1459070.0076145	74668.523876863	855943.79593169
649004.1044586	1460916.7898089	74684.8	857120.12433121
647532.36342831	1460636.1853759	74705.653736125	858268.79459892
646020.05989935	1460322.9576531	74719.653860317	859432.48312262
644879.76452906	1460336.3191383	74738.903306613	860545.61573146
643498.50010551	1460193.5193079	74759.41506647	861747.15931631
641727.90532066	1459802.6562816	74782.15820352	863083.07141412
643588.13755158	1462779.4332875	74793.479367263	864169.65818432
640113.70822838	1460404.6427372	74816.159949622	865226.87111671
639489.68620139	1461014.1997869	74856.530101225	866400.61694193
637094.22299479	1459762.6903402	74901.757635957	867482.02483238
638552.36178862	1462275.4790941	74939.711962834	868482.20209059
634946.62508414	1459800.2669957	74962.988557326	869572.97105676
635626.00366455	1461612.5496829	74974.19478506	870677.00747005
634599.17143667	1461630.3292717	75015.514310003	871658.11731369
634207.52532833	1462209.3377111	75037.624765478	872588.71169481
633536.95461015	1462459.6912858	75064.511149771	873467.72544678
630882.84923732	1460862.0484805	75092.069055221	874479.46505853
629401.12072331	1460680.623857	75120.102743245	875736.73523066
629633.91354467	1462073.0080051	75153.089337176	876838.51617035
628103.57933075	1461618.092875	75172.196676531	877880.48349647
627623.23315767	1462286.336989	75207.706594502	878971.33057969
626815.11668991	1462457.3928405	75233.511235084	879904.85417635
623589.9879387	1460420.9297084	75267.126841325	881046.94928324
622760.28978059	1461039.7465902	75301.538248666	882438.69895236
622069.02929163	1461692.9429338	75342.392811297	883725.49422336
619494.04154432	1460436.91354	75407.46536161	884952.06090266
619181.17968057	1461475.907276	75482.744010648	886207.44321207
618981.50924	1462518.7458083	75516.490515237	887394.10059968
615639.70472067	1460442.3727954	75540.632801774	888614.50586123
615947.69822251	1461988.4555629	75579.722975642	889790.55325872
614487.44590801	1461747.1172533	75611.034765709	890960.63528396
614060.17176504	1462491.9029154	75636.810570157	892079.80468189
612456.03931786	1461980.6229275	75649.770724775	893140.91046897
607676.78904228	1458457.539258	75669.937446074	894361.08455565
605899.21517997	1458074.1525822	75700.463223787	895706.39319249
605990.07443881	1459396.373063	75731.351194786	896887.83374366
604026.27018161	1458550.5565319	75767.441827768	897954.91036907
603946.93007194	1459585.6230216	75795.216115108	899022.86330935
603025.40669856	1459710.6060606	75821.376395534	900025.89792663
602445.23878788	1460154.8030303	75850.12969697	901002.34
598913.8749875	1457819.2823282	75884.188818882	902146.74627463
600650.32169208	1460713.2257747	75906.092146253	903256.56927365
597542.25341841	1458664.9261623	75922.171376481	904283.16636281
596734.33635971	1459142.385214	75942.560743623	905527.73929961
595547.91750973	1459174.5919585	75968.057068742	906699.0080415
596162.91085055	1460725.2372976	75986.81853713	907603.66275824
592607.78244546	1458251.3542364	76005.873972603	908653.02526636
590747.6741952	1457797.4368932	76042.202554931	910004.25385795
589731.3080605	1458223.3023167	76057.635458549	911405.4562512
589511.73957447	1459249.5126241	76072.095886525	912613.5670922
589784.94351953	1460486.073129	76094.516881904	913543.18468959
587793.06816242	1459546.6986953	76117.06279722	914551.82099744
587681.67404811	1460442.3457065	76132.7780787	915524.41421061
586032.19625727	1459704.7095455	76156.192483095	916398.23305551
584546.5785124	1459194.9741047	76174.673278237	917343.71184573
583219.2175713	1459013.274609	76199.700091996	918445.6550138
584897.39587092	1461700.0016035	76238.26658649	919393.34936861
581829.16849939	1459616.920582	76248.578473842	920355.5619238
582485.92777778	1461343.9076389	76264.579861111	921389.39097222
579677.36296673	1459000.3083566	76297.843535687	921759.81000762
579659.05604176	1460669.9481038	76339.133425457	923352.47658529
577845.68643698	1459970.2839075	76358.546881814	924434.32315744
576907.7482549	1460318.5007881	76385.927043459	925678.45260077
575312.98047529	1460023.6001339	76430.977128194	926912.14414816
573823.45949641	1459799.0675629	76457.139341461	928135.30728039
573245.67067411	1460507.9218549	76480.010734221	929380.20738514
571949.62156392	1460429.9188684	76519.369095276	930539.50680544
570734.97838271	1460387.535171	76553.006061992	931661.08841359
569612.49406911	1460468.3238783	76595.329035585	932801.34244456
569835.69773444	1461756.4531116	76626.429595641	933820.23057069
569214.16880734	1462110.4250765	76646.896024465	934758.5412844
565292.29090909	1459241.4713667	76674.338651824	935768.17761286
568525.11315185	1463507.7874713	76698.974745818	936759.79337488
563409.00176118	1459436.7603616	76720.625102736	937765.6151227
565168.49582916	1462245.8465132	76746.623957291	938773.04771438
561411.69277178	1459546.6304676	76778.759484859	939780.54298643
562405.18605793	1461594.0461463	76799.052200949	940797.80461463
561337.60403749	1461461.9991348	76818.434607066	941698.00894016
558079.789036	1459367.8170478	76851.796476639	942811.90983696
556402.32824518	1458992.037392	76912.225298781	944029.00295823
554130.77170936	1457788.3924601	76950.077009828	945043.85951345
552810.68800391	1457497.5357928	76972.294649401	946034.98216467
550795.11517672	1456758.3305613	77003.474844075	947264.53097713
548785.21254213	1456150.586457	77042.493310183	948600.84077214
548961.45112691	1457619.1770519	77069.721586115	949846.56719296
546362.42368474	1456325.4894979	77097.766353271	951106.90938188
546765.06413545	1458019.1077476	77134.945100051	952336.0877373
545394.3630635	1457790.9815802	77153.60688318	953439.4585555
543261.54555434	1456896.5031833	77171.037541164	954640.93874863
542898.27470649	1457805.1767924	77193.075116836	955875.21987917
543302.70890257	1459336.9590152	77235.827052995	956938.32817895
538678.62764682	1455929.5237715	77278.084298841	958091.70834998
538449.27843855	1457130.7158687	77320.119955271	959459.84344821
539459.68440283	1459481.0162137	77351.577985842	960745.88992921
537173.95744681	1458270.6555572	77375.985716411	961774.81981848
536355.91691395	1458454.2001619	77392.84380901	962750.12570812
535193.43402703	1458481.8953014	77411.346063077	963904.29907745
535109.16362407	1459483.464503	77423.569303584	964956.48613928
534663.20310479	1459917.7755498	77447.675291074	965794.32082794
530405.64208437	1456812.996129	77459.458858561	966919.99801489
531572.21990797	1459289.3838702	77478.794865585	968187.6575442
527422.93109178	1456473.2796403	77512.109080246	969462.40172026
527748.69236821	1458168.8686074	77541.299763965	970783.58008317
525844.74564041	1457488.7211064	77559.9538184	971967.20962117
525487.32999545	1458351.142467	77579.070095585	973147.81201639
526697.47457352	1460622.6515028	77581.676685621	974188.61023558
525788.95101553	1460577.197474	77597.001536098	975020.26216078
521806.85988732	1457790.4206151	77623.24891475	976175.26997322
519981.93314041	1457455.7856501	77655.523400858	977612.32332103
518833.64778301	1457764.3439454	77677.543137443	979021.7147254
518889.86390533	1459130.9610454	77691.132642998	980298.0591716
517421.56824984	1458792.3175016	77710.059076122	981392.75627846
516487.20738875	1458920.9336692	77729.215225301	982416.30674503
515425.47412883	1458972.5669365	77742.833274669	983497.94814033
513627.19924207	1458535.002937	77766.717953577	984812.52145902
511248.01823773	1457566.2080373	77781.496765985	986187.70777224
511939.35170256	1459522.5075202	77796.009144507	987415.36614126
508706.72919419	1457636.7575014	77825.372334403	988711.49273448
510903.3317757	1461193.5299065	77832.937850467	990040.46261682
506825.7459172	1458456.7911128	77842.691606532	991355.24990505
506232.38985737	1459245.5562599	77861.031469323	992695.10618067
504580.02553389	1458823.0803157	77870.39090065	993896.51160631
501412.24424632	1456952.2761767	77888.874974083	995155.09848642
502520.43739206	1459459.4006908	77912.264248705	996491.59153713
501529.05211647	1459782.2206998	77927.898703205	997770.23440176
498684.10153507	1458219.1993579	77935.528443865	999020.88853216
497183.09319063	1458188.7289168	77958.548809743	1000452.2236575
498104.08095165	1460345.8612699	77979.268345435	1001646.0800247
496048.08528234	1459305.7552655	77992.860576302	1002632.6714046
494441.79349011	1458707.8218346	78003.137828999	1003614.5559882
492392.37764814	1457587.7249002	78017.366902057	1004512.9818852
492261.66214633	1458360.7125398	78043.158881634	1005376.1895195
490706.94492408	1457719.1342662	78060.39416493	1006255.0205418
487025.10799185	1455134.5967851	78070.714059316	1007327.0925968
488243.77879213	1457389.1285112	78085.412219101	1008329.4073034
487191.09475074	1457168.1221525	78088	1009142.058105
484614.95538994	1455639.4713971	78093.597564816	1010174.5787761
484285.08406187	1456513.7979825	78100.404572966	1011348.3722932
483328.85850962	1456756.857234	78118.36547252	1012510.3276284
481022.29506258	1455831.054696	78132.632305115	1013857.0150783
479616.16403376	1455801.1491019	78148.658731876	1015194.7985285
481061.05366564	1458299.7358559	78160.611970166	1016212.0291068
478553.81337347	1456848.7103849	78177.447860675	1017235.0780477
476684.75005318	1456305.3435439	78199.648159966	1018521.8268454
476645.13287329	1457414.9951549	78215.567170753	1019640.794597
473766.50227572	1455727.3632042	78233.1506018	1020790.9222211
472729.18617021	1456096.5654664	78261.261865794	1022147.5323241
473038.45474614	1457655.4811063	78270.926373198	1023360.9894819
475580.45693563	1461141.2438803	78280.440979148	1024277.0516772
471528.2514495	1457954.8690876	78299.155324992	1025111.7821178
470775.55417765	1458140.0483646	78315.123236707	1026016.63184
468181.68550621	1456697.4282491	78325.945225151	1027137.7987486
466157.60856073	1456030.1234885	78343.921241306	1028453.894489
465107.09953782	1456265.8437606	78348.307969789	1029713.9258257
463848.74498429	1456231.7370075	78375.336717428	1030897.306744
462458.34286296	1456140.387425	78407.485603825	1032142.8067962
461956.03470814	1456977.052513	78435.368942979	1033433.8025693
461540.70601399	1457716.88	78462.993566434	1034540.5896503
459764.06970387	1457075.2150342	78479.297038724	1035639.4328018
458909.95134748	1457444.9601717	78494.223229192	1036824.5828762
457815.29764801	1457482.6672074	78513.405244661	1037917.2462828
457932.92867212	1458616.4747674	78517.014378348	1038916.5463772
456921.95631641	1458592.1540732	78533.605076741	1039874.946281
454538.95371179	1457339.1244541	78541.868995633	1040973.5406114
456609.56807332	1460443.0322704	78556.219973267	1041974.2967348
453313.04521678	1458119.5159828	78566.588399396	1042923.3155876
452265.69348659	1458180.4078986	78585.040377247	1043991.6516357
449569.22420299	1456510.3229668	78602.289655172	1044992.6912167
452351.71114727	1460192.2457282	78615.145646867	1045860.1903987
448333.96898629	1457077.0149942	78622.046392413	1046740.8919646
447854.34670905	1457693.4731824	78633.491193219	1047807.5481393
447650.61236043	1458491.1143262	78656.422078943	1048774.2500393
446309.53679834	1458113.0167706	78665.768537769	1049713.2174636
445856.5490817	1458626.249525	78674.198860038	1050647.2704243
443086.05383397	1456931.1676091	78688.482243836	1051695.6168288
445297.51591896	1460182.3256151	78707.359623734	1052697.4153401
443256.84577688	1459026.6145863	78712.883251658	1053558.1660421
439730.97205949	1456624.0725552	78725.298332582	1054653.9319513
439658.40746733	1457729.7324207	78745.586060983	1055792.654636
438228.84805654	1457443.4174659	78761.658758203	1056896.9858657
437135.77438036	1457515.9448691	78767.050266389	1058037.2142692
435105.13984652	1456726.8134234	78789.276829687	1059239.8909632
434734.11352023	1457496.6822262	78804.616489435	1060346.34498
433548.17460317	1457424.4276377	78813.657329599	1061436.9943978
432653.35278515	1457790.5778073	78840.403625111	1062649.9093722
431597.14659502	1457996.3265974	78867.630884242	1063864.5929214
431934.05003837	1459416.6931696	78889.515272448	1064905.1769762
430390.77692798	1458780.6169535	78902.008922881	1065788.6755895
428668.50707149	1458050.1102893	78907.068379395	1066757.9317504
428707.82565991	1459105.0994475	78914.419889503	1067745.3069368
427241.58853047	1458691.5283154	78928.414336918	1068767.8031063
428067.85550082	1460516.3211093	78942.243386243	1069734.6374749
426169.08215297	1459451.4630154	78952	1070541.656909
425260.27798379	1459513.0712814	78953.487707732	1071497.4964977
423102.87852524	1458400.0654836	78974.006878525	1072504.1947998
422434.21048754	1458835.5274469	78995.734741496	1073568.0009824
421260.77417789	1458827.8291469	79009.583788375	1074700.1922097
419953.68040811	1458624.4814559	79023.173859093	1075771.2416931
418658.83819937	1458440.3917646	79027.682680005	1076863.4602768
417227.80141198	1458234.8262355	79037.259394215	1078063.3491232
418423.74982481	1460472.1562719	79051.68605466	1079066.5991591
416992.52458123	1459960.595397	79058.595669345	1079969.4402833
413867.29589073	1457965.1110326	79068.4610856	1081068.2190039
414065.00308862	1459359.376574	79082.462817771	1082234.6904253
413129.5754114	1459547.8329933	79096.244798042	1083322.2314701
412522.47678724	1459961.4127029	79108.023355169	1084315.8940473
409617.54929879	1458219.1324269	79119.253184884	1085449.7334333
409002.96621442	1458810.7879755	79141.476456504	1086613.405693
408120.20359439	1458993.4120425	79144	1087656.7089073
407589.91202346	1459532.9416156	79151.74033591	1088704.3023194
405677.98191774	1458716.7472304	79161.808735515	1089764.1823507
403591.08996659	1457810.6508467	79179.402833775	1090908.8404562
404087.93415437	1459517.7519815	79205.912449701	1092071.8883063
402165.61752786	1458749.1752786	79227.912360689	1093186.8454914
399968.81997794	1457820.9178618	79251.681075118	1094416.8336175
399881.04011961	1459011.1981062	79266.035883379	1095656.0772489
396867.60327375	1457223.3779884	79275.409433556	1096854.1499031
395313.60891538	1456889.8245432	79297.773227938	1098026.8710639
392488.06003364	1455156.1304179	79311.870099625	1099092.0072454
393020.04481965	1456710.8660015	79326.140905602	1100076.9227936
392971.31132494	1457587.7826795	79348.232124352	1100969.0315322
391965.64497822	1457603.3506665	79363.751880692	1101957.5093045
390412.57652804	1457021.1779761	79383.282034012	1102893.5113655
387506.70394816	1455135.6702268	79396.347533901	1103881.0435617
387708.40435802	1456440.8114743	79405.309612467	1104959.8140946
386549.75997828	1456329.2261743	79429.246809666	1105966.8873201
385268.11868759	1456090.3275321	79457.80085592	1106962.8696148
385287.45217782	1457090.5690765	79470.201466846	1107912.7436013
384420.89908257	1457217.9371699	79487.663052544	1108875.6257993
382387.97474809	1456286.0050989	79510.518878232	1109938.4746874
381036.1257764	1456072.6501035	79527.451345756	1111039.7028986
380079.55357754	1456289.4374073	79543.832020997	1112178.1755107
379274.7231522	1456662.1854236	79552.314190059	1113326.2719547
377399.03535857	1455901.3869522	79561.65687251	1114416.7584661
377529.84930181	1457117.6806304	79575.16715056	1115470.329877
375122.48654078	1455935.6388108	79593.98553636	1116655.7195661
374067.77181511	1456214.778805	79602.831116122	1117953.8611048
371432.32504462	1454807.5916716	79619.638786437	1119150.1225461
368623.72892396	1453168.3011399	79639.599649255	1120280.9545284
368582.45412844	1454330.8408257	79678.119724771	1121431.6513761
368735.55569423	1455579.3273011	79703.143213729	1122477.9276131
365436.6097561	1453315.6310976	79727.447662602	1123465.6956301
363988.63896533	1452936.5090809	79736.510731976	1124516.3654375
364060.10044313	1454057.7966967	79756.468376527	1125532.5258493
363087.97580645	1454114.0362903	79765.21140553	1126530.3508065
361960.88318744	1453950.6284334	79772.593419861	1127469.0679143
359830.23386553	1452923.7031707	79789.209354621	1128539.5367664
360703.10578488	1454908.7539577	79805.127385708	1129617.8109188
359834.32357291	1455003.3297841	79817.98166223	1130554.5063591
357574.44512365	1453743.0808558	79834.522923034	1131519.511531
357687.26490259	1454856.343123	79842.529223612	1132493.9994184
357864.1316178	1455872.4454756	79848.729803839	1133304.1805526
354671.22597007	1453582.6949024	79858.536139995	1134186.7730155
353679.75724412	1453721.892302	79872.669071011	1135285.6032832
353149.80573892	1454293.456554	79889.110602182	1136351.1782298
352870.9152967	1454998.5470487	79896.120870518	1137308.1972757
349825.14736598	1453014.3132977	79912.734741239	1138340.9983755
350998.31004429	1455309.983712	79930.465495071	1139424.3817688
348749.45094894	1454096.5757819	79939.878107458	1140431.0638867
348121.04136643	1454538.8059781	79958.599412864	1141463.9498265
345478.06273465	1453014.0065399	79975.224900085	1142551.9709338
345991.98020455	1454554.7278126	79990.359617288	1143542.3312438
345469.15566422	1454955.3317033	80000	1144438.9877751
344816.36325301	1455286.9150602	80000	1145405.653012
343309.19156415	1454808.7672609	80007.710770776	1146411.9859402
341182.43518519	1453800.6599794	80024.031893004	1147498.9542181
342111.60096154	1455708.5728022	80042.862637363	1148441.9656593
340752.70960929	1455169.1988736	80052.822949666	1149236.3315734
339703.63961324	1455019.1667155	80070.457075886	1150106.3949604
337151.50487052	1453547.4583036	80084.619149442	1151154.8486576
336686.30223575	1454283.2780054	80092.575910102	1152331.307035
335987.82511146	1454690.3172731	80111.268804832	1153398.8448152
335351.45732112	1455083.6941458	80118.43993097	1154398.2885968
333302.58461538	1454145.0761726	80135.697310819	1155473.859162
332740.5555017	1454744.7726612	80161.460494426	1156591.5385361
333388.85653601	1456354.4112763	80168.746862329	1157526.3603012
331309.39976149	1455189.5937459	80183.383066119	1158415.2081622
329447.23823566	1454450.0169554	80207.27460376	1159499.5886473
328351.52967575	1454563.337148	80217.687422865	1160676.7081791
327902.69358094	1455273.888844	80231.009554569	1161803.5769075
325683.73059103	1454213.9758165	80249.033789129	1162924.4904509
325011.16784168	1454737.9364255	80256.78961039	1164096.1756339
323215.38178515	1454141.0742675	80268.367022485	1165261.4471951
323313.59246453	1455456.6047454	80281.5853106	1166444.7106236
321678.86322843	1455029.1693191	80312.249371784	1167602.5664712
320496.4576482	1454948.9678043	80324.168025425	1168674.1826724
319798.39631602	1455273.274428	80349.133976112	1169654.817096
318533.24236414	1455032.7901626	80357.052492397	1170656.6399577
317133.84004782	1454763.1880454	80371.026897788	1171755.1148834
316583.54072682	1455252.735589	80377.551378446	1172772.4743108
316746.69782128	1456326.5172087	80383.429744237	1173656.507736
315383.28150733	1455904.68388	80384	1174585.3415213
314276.22721051	1455822.969614	80390.039419655	1175583.0933479
312524.60762332	1455097.3660314	80404.456838565	1176579.4512332
311540.92930278	1455206.6562652	80414.669917114	1177644.1799122
310704.90651872	1455460.2740638	80425.126768377	1178708.2540915
309239.68548073	1455068.4852731	80436.169196834	1179750.3594135
308545.63275366	1455439.532247	80447.646720526	1180786.5857867
308473.43536614	1456487.4217094	80460.063574288	1181875.8201083
307919.69951154	1456959.6570659	80466.378979282	1182873.5341081
305909.0161931	1455829.299114	80468.834708219	1183739.1830125
304023.80990191	1455020.1013545	80479.344698739	1184785.0761326
303514.44048091	1455645.4807769	80484.070286696	1185897.2313384
302532.72068688	1455733.3174135	80500.870405152	1186933.2578481
301190.74471168	1455374.4908722	80508.611996523	1187891.4743553
302110.90929002	1457168.7315204	80512	1188746.461033
299994.90815555	1455906.8651838	80512	1189583.6453321
299251.62417497	1456172.7024719	80512.629998706	1190575.7996635
296117.2957246	1454218.1610217	80522.021099389	1191730.7238201
296459.74707788	1455704.8415716	80533.56991973	1192844.9835234
295396.22301644	1455637.6543245	80541.358112938	1193816.4203002
267132.47858884	1441106.3335267	84893.841476152	1197539.8853429
266770.67510816	1442030.1838134	84912.163764905	1198786.985755
266115.48486566	1442663.2817141	84923.629973926	1200046.0501077
264949.41919192	1442688.4929293	84935.564646465	1201204.0560606
265719.32642006	1444473.4127844	84942.477635041	1202197.1081876
264520.93632959	1444220.440219	84948	1203121.670412
261334.29165704	1442137.9357523	84952.157152762	1204198.7510978
260526.59201714	1442468.4345031	84960.374497723	1205313.7610501
258413.83796444	1441551.4928138	84969.179175982	1206480.944959
258082.16965352	1442529.1304442	84974.815249267	1207764.5582709
255570.68808912	1441321.433162	84979.462724936	1209040.9250214
252021.14625561	1439010.9804588	84988	1210254.4007768
251285.58115183	1439422.1615557	84997.270506108	1211375.3093992
247047.95512895	1436361.2859951	85000	1212530.324043
246009.63682864	1436467.3872661	85010.024498587	1213643.2111994
245481.32697165	1436961.7653663	85012	1214646.3497053
243489.84518236	1436120.3915079	85018.496243876	1215774.9169298
240984.52013035	1434928.018501	85024.278355934	1217061.4073373
241190.91552063	1436457.8733901	85038.061122026	1218349.4651823
241317.13495007	1437745.5788873	85056.231098431	1219467.3603424
238466.44209103	1436033.114466	85069.455610635	1220569.9495268
237695.89284065	1436494.5635104	85072	1221783.2794457
238841.24883616	1438724.3520048	85080.592281123	1222842.9211593
236507.86415809	1437453.5321264	85086.836114069	1223884.9461602
233677.65801813	1435896.9782224	85096.131707825	1225127.1068042
232974.26950012	1436468.5578363	85114.010625453	1226361.1369234
231146.01881915	1435911.6227898	85123.735704684	1227604.6195843
231448.35429228	1437391.8139535	85131.032443296	1228756.092449
230225.75056569	1437190.4996672	85136.528151205	1229753.2016505
227582.48272939	1435737.6155965	85141.068022886	1230924.4924772
227021.76090676	1436499.0650128	85152	1232214.9084688
228052.26434998	1438877.1132485	85158.352673493	1233528.1948495
228194.17632947	1440408.72491	85174.743702519	1234882.997601
226774.88967428	1440437.5031044	85196.389722036	1236290.8946413
225313.3758997	1440320.8980729	85207.116322266	1237604.1820293
225129.06414941	1441407.0495331	85221.66544864	1238844.4766545
226232.5053064	1443622.8709346	85228	1239931.360493
222299.76534257	1440753.6646823	85235.630695963	1240970.8630804
221144.61327455	1440825.3176586	85240	1242169.9157482
223983.31333672	1444666.3114726	85243.9722081	1243151.5329605
218837.6018764	1440621.8376504	85250.455639404	1244229.5023455
220274.05778894	1443313.8798995	85256.971859296	1245459.7502513
218241.20595886	1442444.838969	85267.344998818	1246593.9517616
217149.3227487	1442512.4892086	85271.525676011	1247730.6489705
215106.12136398	1441690.0198279	85280	1248923.2033991
214236.17270694	1442092.2604027	85280	1250175.3337808
212267.75033752	1441446.5618444	85288.471076955	1251465.7600997
214522.93291623	1444798.2015989	85299.265206813	1252529.6016684
211326.73463608	1442500.1353724	85302.920985556	1253414.4973095
209720.62231006	1442039.4870444	85312.361879666	1254530.2274923
208964.67217032	1442570.1846622	85319.36563111	1255793.0123832
208031.22981037	1442823.1173584	85328.203686514	1256951.252619
205797.07398568	1441779.2887828	85345.351703189	1258105.6424387
206633.31662678	1443768.9866254	85351.306208644	1259233.1482472
204918.08893432	1443107.0498339	85356	1260262.8377204
204670.75496689	1443882.7873436	85356	1261272.4497425
204433.35657588	1444574.9154864	85358.934785992	1262186.985214
202336.04894463	1443407.6641175	85369.090241664	1263086.8179872
201922.03220365	1443921.1157798	85374.135255329	1263993.5770587
200806.00335724	1443727.1002594	85380	1264895.8101633
200396.86344411	1444240.223565	85380.694864048	1265804.510574
197752.32778009	1442742.2528113	85393.094960433	1266924.0687214
195091.06109052	1441435.6497618	85404.479830598	1268242.3805188
196327.56742557	1443829.9760654	85408	1269372.2119089
195438.64777575	1443887.0542352	85413.444241316	1270300.4655698
194410.08193163	1443836.7715681	85416	1271263.710255
192969.68714923	1443405.5513023	85416.757519067	1272254.6760685
193267.04600708	1444665.6045545	85429.968918295	1273188.1649485
192567.00929839	1444842.7678783	85432	1274047.9790363
190572.04833253	1443289.7361044	85452.088287417	1274363.1280812
188875.74172269	1443168.5520741	85456	1275914.5584168
187000.87897357	1442576.306396	85458.701646879	1277181.1800077
187146.35537449	1443907.249765	85464.097774992	1278340.6273895
186034.37025601	1443790.4577383	85468.248038081	1279315.1920751
182697.63758389	1441700.3241511	85472	1280541.6568166
185913.19447853	1446073.8668712	85476.943558282	1281681.3656442
182134.92460628	1443384.5901932	85484	1282747.6211326
181793.56357388	1444138.3831615	85489.245704467	1283821.0366552
179525.90433658	1442971.9764955	85503.468797744	1284893.3073217
179734.03827633	1444349.7315718	85509.107297197	1286037.2594147
178111.14142817	1443803.6999166	85513.116976938	1287091.7227008
178008.86912181	1444711.3597734	85516.480453258	1288082.1286119
175341.89094088	1443185.4844279	85525.567916075	1289201.0154082
174541.79258414	1443640.5156874	85532	1290430.7737593
174441.9282615	1444645.1622794	85532.641018224	1291515.8142898
171847.41417692	1443140.8557704	85538.616051552	1292583.1475103
171153.64228018	1443656.4984999	85540.920840065	1293767.9150704
170607.8296065	1444289.7259213	85547.335915053	1294922.8657089
167738.59870893	1442717.0767897	85552.269775508	1296196.7958377
166229.33795567	1442614.3985713	85558.453198865	1297570.4288266
165184.72383354	1442904.531736	85562.48381673	1298881.9348466
165222.34612373	1444243.3050677	85570.110303166	1300154.5627028
163274.81937322	1443657.8605888	85572.346438746	1301495.2584995
161633.55096962	1443440.5127035	85581.941719382	1302882.6962564
160735.27342103	1443918.6195401	85588	1304232.0132543
159616.85406076	1444063.5248605	85591.749535028	1305478.7774334
157941.33198911	1443651.5253554	85596.072184696	1306717.5005545
156066.52931718	1443143.6183943	85608.006860328	1308045.0054668
156343.85967272	1444710.4227752	85621.522528581	1309305.4270343
157133.52	1446617.266963	85638.030814815	1310388.9060741
153785.22945618	1444396.2459788	85648.672721304	1311484.340081
154301.07957917	1446073.1734556	85652	1312626.2147289
151362.56781193	1444164.5241341	85655.890944499	1313635.0440951
152008.91792726	1445753.2603798	85656	1314560.986804
150042.44128611	1444838.0111836	85667.082013048	1315586.2171482
148726.21598272	1444713.9332853	85674.873050156	1316753.2162227
147980.35458787	1445099.5303266	85678.333333333	1317859.0212545
147769.65402069	1445834.3336359	85686.115810492	1318776.0493738
147159.06673357	1446043.0734236	85692.63020572	1319576.5820371
146090.20237732	1445861.422737	85700	1320444.4145078
144199.52290128	1444969.0449966	85707.880188046	1321416.678039
143968.79279915	1445658.9834098	85708	1322319.3385104
144239.44046569	1446732.675957	85708	1323107.2922914
142072.31697055	1445469.7817672	85711.305469846	1323995.1119215
140344.62170671	1444661.0458989	85712	1324903.8833471
134443.61104629	1439908.3733956	85716	1326030.0614547
134982.27068412	1441735.7125216	85717.377624105	1327297.310941
133665.70696209	1441630.3721082	85720.137286847	1328488.5452373
134347.57188049	1443364.6347979	85724	1329517.3342707
132487.69165675	1442406.2488431	85727.905328573	1330400.3712812
129756.9726206	1440870.890917	85747.738809213	1331556.3116037
129350.91416778	1441704.5715673	85756	1332764.9610295
127758.60286876	1441350.0068508	85759.920359666	1333977.8745451
126234.95751318	1441129.9954824	85760	1335262.9970958
127740.89976534	1443707.1532015	85760	1336315.7800872
124633.26006632	1441614.9957366	85764.604926575	1337312.4528659
125576.51475246	1443580.9861644	85775.30721787	1338309.6136023
124449.56519075	1443341.3506971	85780	1339177.8581278
120398.18407036	1440322.1588009	85785.615756224	1340187.2017837
117764.98956594	1438934.015025	85792.750417362	1341406.2846411
117891.10936432	1440167.6896787	85807.151742994	1342475.5933014
116107.61577775	1439346.8358013	85819.086358275	1343409.1610536
114492.54963596	1438879.6509881	85820	1344534.9830117
113508.36944303	1439053.2309658	85820	1345671.0224834
111948.10180589	1438698.3339318	85822.000211216	1346862.6642729
109345.35859649	1437479.0612531	85837.728320802	1348205.3790476
109310.65064341	1438807.866851	85843.124960119	1349542.119749
107540.15802469	1438302.9968254	85850.7329806	1350780.7294533
106894.24883536	1438875.5309624	85860	1351972.7880923
104295.5298921	1437617.6646253	85861.628463109	1353290.585399
103609.1173009	1438368.6269125	85866.428795606	1354700.2389172
102431.48685492	1438491.2677702	85874.747809153	1355972.7268744
101223.80540994	1438530.6475152	85884	1357191.1272804
101283.19889364	1439832.7508172	85891.067638924	1358403.0736736
101911.14849842	1441439.7504563	85894.611581218	1359363.6449311
99141.9187029	1439722.0214661	85905.923726878	1360390.0438456
96605.810396204	1438454.2518486	85917.689438252	1361618.8266196
94646.094099499	1437864.6000771	85926.505591978	1362956.3922098
97663.540084388	1442030.5893108	85942.573839662	1364068.6230661
96305.361312717	1441523.3827706	85944.804670243	1364904.9050174
92755.936115404	1439101.8254508	85951.316640907	1366010.589593
91891.508379888	1439321.3386196	85960	1369371.5054965
88091.838809144	1436572.8170122	85963.932801701	1370402.4714514
87171.943057381	1436963.7805519	85972	1371683.6487078
84486.093200917	1435650.2704354	85972.534759358	1373035.2081742
87738.181818182	1440023.1957045	85978.118126273	1374129.0442511
83956.811566495	1437212.5563389	85983.974668419	1375079.5072291
82156.084898652	1436663.5933355	85988	1376307.3619866
82293.7687545	1437960.7683225	85996.306407487	1377438.2888409
79828.18395912	1436622.0048878	86003.94934459	1378538.5625417
80798.525294525	1438632.1496881	86004	1379562.6451836
80667.088440367	1439265.7702752	86004	1380311.9684404
79048.424132829	1438455.2990301	86004	1381103.8691435
78938.896916966	1439144.598449	86008	1381889.3973898
77495.670159205	1438597.9120969	86014.52061505	1382762.220166
74876.057469865	1437082.9670035	86020	1383840.6935346
76565.650008706	1439757.9111962	86025.608218701	1384804.3768065
74295.34218525	1438331.1131019	86028	1385635.0971045
72552.982402913	1437499.8665049	86031.674150485	1386526.5121359
72211.708734984	1438097.8140294	86034.252409907	1387448.2705027
72542.757200209	1439316.193402	86036	1388315.6376331
72636.227636958	1439010.7630417	86036	1387904.1223222
74395.094871795	1439207.4878205	86036	1386326.0320513
71522.326555461	1437354.64751	86036.460245952	1387328.8362352
71227.999009901	1437817.7628713	86045.074257426	1388058.0534653
71139.487975647	1437881.8398782	86048	1388194.7147641
73476.954695365	1440025.6858184	86056.184690158	1387973.8941156
71184.385579937	1438404.4752351	86063.681504702	1388628.6758621
74252.876130056	1439018.3593973	86072.514512292	1386151.2171293
71184.385579937	1438404.4752351	86063.681504702	1388628.6758621
74252.876130056	1439018.3593973	86072.514512292	1386151.2171293			
84152.01211387	1171278.3525136	86088.789016758	1108768.2196648
374944.86797109	1439002.9501146	86102.551736295	1085709.8670897
374245.21422571	1439193.7065248	86104	1086596.116494
374623.82860323	1440447.507327	86104	1087468.4607679
371962.18714484	1438709.0380098	86107.999494886	1088385.0506377
371647.72394541	1439396.4968983	86109.709057072	1089380.7859801
371944.29140893	1440547.7491409	86112	1090233.8962199
370805.81879195	1440228.2557047	86112	1091047.1691275
369775.45737399	1440055.3951462	86114.907280647	1091898.8158058
367276.67637459	1438571.7474266	86128.776801406	1092896.1034396
367077.14173466	1439395.8265337	86136	1093908.4762768
366789.30054645	1440005.4966249	86136	1094801.1578271
365191.40966628	1439319.5310702	86137.52589183	1095711.1144994
364319.27124282	1439393.7568793	86144.175385546	1096647.5524645
363127.8076442	1439169.2453092	86148	1097603.4629604
361699.6181511	1438820.1486845	86156.742457157	1098669.5447743
362128.89133762	1440290.5558616	86160.969084787	1099698.2577288
361107.59267446	1440168.3492264	86169.475844648	1100588.6365646
360468.59925094	1440430.9447191	86172	1101484.0149813
358784.34412365	1439698.4701079	86176.267716535	1102424.1563138
358172.43215117	1440079.8838833	86186.739148295	1103402.7320279
356326.39536854	1439236.7331262	86192.024851737	1104399.5357244
356708.45826821	1440568.895905	86196	1105342.6770866
355153.76739246	1439989.5061073	86198.768985661	1106314.6909187
355479.01006648	1441168.6032289	86204	1107155.6391263
353146.34039216	1439729.1524183	86205.81124183	1108046.4329412
352977.34756821	1440564.4104389	86208	1109044.5521945
351404.57682009	1440010.7168175	86210.295550172	1110055.4777509
350010.11202845	1439709.7548584	86215.797281849	1111141.7802617
350283.7911726	1440956.5395257	86216	1112110.8412385
347055.42234932	1438774.8693357	86216	1113152.7989441
348431.94229309	1441249.3345482	86222.401822323	1114238.2578588
347580.29581554	1441262.6138343	86224	1115099.9357814
344543.78419489	1439218.9019608	86224	1116087.5137255
346557.12959135	1442268.8541899	86227.329623152	1117109.4158054
343307.19315646	1440023.6315398	86239.409372675	1118102.9243739
343889.32167719	1441609.0833738	86258.754735308	1119081.819006
341955.41054272	1440650.7862893	86266.281485328	1120046.2368216
341053.43100321	1440789.4728617	86268	1121077.813311
340337.32122419	1441120.7066434	86268.259766111	1122124.6658373
339854.14005098	1441662.9431699	86274.843004948	1123139.3684211
337848.31261101	1440707.6603908	86284.382711664	1124180.5645944
337712.73792395	1441716.8314491	86297.816546763	1125307.8108941
334971.44197075	1440046.039784	86301.97497036	1126370.153076
335785.5045695	1441821.8829565	86304	1127325.7675164
332449.00578592	1439494.37946	86304	1128330.3775313
331627.98657991	1439933.0353802	86306.700284669	1129583.6030907
331861.70908145	1441396.046318	86322.779599271	1130792.8868072
332023.34203338	1442545.2940819	86324	1131778.247041
327969.3045534	1439629.4620208	86329.910576627	1132904.2150272
326006.94371128	1438874.0538648	86338.792889846	1134093.7344465
324855.02868417	1438704.3460313	86349.119441493	1135062.1180756
324766.22065791	1439600.4559361	86357.695952349	1136036.1120888
323095.23278163	1438970.4741057	86360.86972771	1137067.5136145
322568.68663209	1439383.4893759	86364	1138000.4089008
323330.20137586	1441003.8993121	86365.089430894	1138856.7879925
321150.71217998	1439720.5511249	86368	1139744.2724593
318812.29487179	1438292.3229548	86371.723443223	1140647.6507937
317428.53112979	1437850.6887021	86376	1141583.2494657
316853.91633927	1438359.1328865	86376	1142662.8939219
315913.90682143	1438455.8759739	86376	1143693.7936079
316887.55431235	1440308.954157	86376	1144571.2658897
314004.06108566	1438373.9797307	86376.002221297	1145516.0038873
313269.14974695	1438631.1122358	86389.23072343	1146490.5340875
312685.38468621	1438971.7164339	86396	1147404.8918214
313538.73288371	1440619.277335	86396	1148194.3658287
311916.4163217	1439658.2432486	86396	1148851.0057165
310862.10136157	1439335.6142209	86396	1149576.0665658
309771.04266389	1439088.5280214	86403.127694366	1150407.5005203
308011.30172983	1438318.087944	86404	1151393.2639641
308062.92160047	1439364.0047246	86404	1152386.446774
306843.88048278	1439085.9428908	86404	1153323.6049455
305223.60620496	1438503.9809454	86404.737754977	1154359.2676194
303229.2621405	1437673.0240453	86409.716643093	1155515.5473833
303993.85419231	1439531.207222	86412	1156603.2329367
301987.10925926	1438627.5824074	86412	1157702.0606481
301449.01179277	1439218.5541275	86412	1158823.2198224
301185.42319656	1439947.0318471	86414.820322915	1159808.7667012
301067.0502477	1440691.8428875	86416	1160670.2937013
298509.89939546	1439139.628151	86420	1161666.7571575
296237.02183984	1438100.0586808	86420	1162895.0646371
295504.70942612	1438529.1560634	86420	1164049.6193197
296551.9180959	1440508.6916346	86420	1164978.4627231
293264.88390898	1438214.4969389	86420	1165971.1082361
293822.29373836	1439865.2798395	86424	1167056.5742943
290835.28893417	1437951.3123647	86424	1168125.8316567
288458.87954056	1436608.0614501	86424	1169151.5106963
286015.08147813	1435263.3789129	86426.177873206	1170244.3724715
285843.66443443	1436282.1653476	86431.703397053	1171424.817728
284654.7404555	1436292.7736825	86435.266806029	1172616.647816
285367.77323071	1438006.9021964	86440	1173612.0998686
282854.53933994	1436416.9371314	86440	1174532.191743
281300.62056696	1435998.2203772	86440	1175663.8244574
278745.41102457	1434794.0191732	86440	1177001.2917915
279362.88026581	1436460.2966655	86440.084490329	1178047.3003441
279808.2334281	1437962.5617238	86448	1179092.5231184
276814.4356089	1435994.5351338	86451.682420605	1180110.1620405
275269.51691151	1435642.0480583	86458.068557112	1181288.5247694
274627.87914663	1436263.3927735	86460	1182545.9149094
273772.20965517	1436518.9757994	86460	1183656.5161129
273013.7009843	1436841.4019686	86467.330673051	1184725.2753392
274028.4921067	1438766.7356197	86472	1185628.2692796
271897.08979467	1437476.3775667	86472	1186465.7873123
270341.25750705	1436944.9682559	86472.826081628	1187485.1462189
270013.03006847	1437655.261685	86480.118487645	1188510.7287883
269310.52501583	1437867.0132996	86490.383787207	1189411.630779
266276.36244321	1435842.0595659	86492	1190419.4750126
266746.37317128	1437479.3279316	86492	1191578.8795859
265443.94194561	1437277.7191423	86492	1192678.4728033
266189.52107129	1438915.5131942	86492	1193563.0019693
264455.13630962	1437945.4157189	86492	1194320.6246817
262572.12866143	1437104.3744888	86496	1195357.8322096
264009.5934238	1439701.2270355	86496	1196515.1017745
262319.4501992	1438995.1333129	86496	1197493.4189396
259197.51656491	1437020.6265639	86498.760484436	1198634.1315184
258354.55286624	1437473.1891141	86502.852576723	1199917.4679792
256537.76427219	1436950.6306665	86509.126232938	1201205.3876656
254323.66359307	1436132.5350086	86515.964332759	1202586.5121086
254342.82863138	1437437.2366519	86522.833294474	1203861.66519
255627.87372449	1439755.2110969	86524	1204888.7130102
254784.08951776	1439830.8524401	86526.506497257	1205805.1770141
252733.07128474	1438783.8480333	86534.954490536	1206797.0712847
250529.37881508	1437750.4348928	86536	1207962.6368149
249398.8642132	1437933.4970389	86539.520304569	1209269.6844332
250674.42671614	1440286.1548322	86540.655759825	1210337.1921066
248928.66842677	1439408.104364	86544.977170368	1211196.2105917
248784.50261403	1440110.1085271	86553.522264287	1212029.9397873
244232.56358996	1436612.3130583	86566.915780519	1213064.6720544
244487.17838294	1438187.2450918	86579.061009077	1214366.9014144
245599.15285098	1440393.6955758	86584	1215451.5336208
241108.61329126	1437041.6478012	86585.39972392	1216584.8140406
242974.80128434	1439997.0709954	86588	1217670.7684624
240098.72599737	1438153.7492328	86594.46251644	1218691.057431
240902.51787874	1439993.4226982	86596.045603731	1219723.8030748
238215.32328386	1438307.1141002	86600	1220717.0190167
235461.39588716	1436815.6949468	86600	1221976.7717268
237739.36223599	1440203.8812133	86604	1223078.3782754
237370.29069385	1440704.4827359	86607.802696481	1223939.8013811
235866.22082416	1440063.3394149	86608	1224798.3755898
236426.58953722	1441477.3065057	86608	1225651.472837
233663.6245583	1439758.4946996	86608	1226686.3957597
232816.29512849	1439987.0433549	86608	1227753.468075
231547.18729785	1439629.5330785	86608	1228660.6027639
233462.9133835	1442495.4605283	86612	1229603.2533569
228679.47410035	1438860.4208819	86612	1230749.7078561
226639.97499699	1438078.4075009	86612	1232004.1120327
227846.71917808	1440308.7229141	86612.95392279	1233022.8860523
226616.79812834	1439940.6216578	86616	1233880.9679144
224379.22057143	1438726.5472	86620	1234897.5570286
223574.36204412	1439156.0838045	86620	1236124.1560803
221319.00696279	1438073.9082833	86623.443937575	1237288.9872749
219942.96605744	1437695.9706266	86624	1238282.482376
219168.67471217	1437845.7589125	86624	1239208.5459842
217206.86437062	1436849.2264553	86627.359951234	1240161.4087169
215221.91096585	1435946.6935647	86629.786092641	1241233.7910515
216661.72341904	1438408.1375956	86638.495482974	1242245.3606671
215994.88982502	1438572.8619572	86642.086195723	1243069.6364226
214399.53681844	1437910.8707139	86649.611579539	1243989.9510961
211926.82674018	1436444.6434183	86652.203997243	1244987.3742247
212423.80928163	1437887.9910998	86660	1245921.9593134
210879.723229	1437248.9471319	86663.935899356	1246819.9011532
207964.84261298	1435451.9328929	86664	1247939.3767432
207258.51250901	1436080.3677546	86668.044476475	1249263.357562
206422.54949406	1436555.1992961	86678.006599208	1250560.449626
206164.2656295	1437423.1622011	86690.553730913	1251670.0437914
206408.25065274	1438521.4382693	86692	1252518.6616934
204294.93454828	1437415.4452717	86695.944882765	1253518.4042671
202902.54530657	1437154.7059143	86698.345089528	1254643.3819859
201827.32143625	1437232.4248549	86700	1255790.9795743
201156.35898909	1437697.4307869	86704.985640437	1256915.4945434
198660.28426615	1436330.9828534	86708	1258037.1016931
198833.52536137	1437675.1910644	86711.29303548	1259199.8312746
197550.79951	1437430.5452566	86712	1260233.6746972
196746.17072532	1437667.0782927	86712	1261273.8444619
195283.639743	1437352.0045893	86715.092244149	1262411.6181735
193869.47024725	1437132.9501952	86720	1263596.9942032
192788.67665652	1437226.2449075	86723.195036291	1264767.4834933
192702.66127882	1438318.5048728	86725.354884716	1265934.7207036
191181.24265366	1437916.6092647	86728	1267051.979982
189748.92489826	1437586.1664817	86729.116290541	1268149.6988531
192093.60723912	1440871.2491336	86736	1269075.3215248
188026.6238342	1437751.6158895	86737.62855498	1270020.8759931
188091.01453711	1438888	86744	1271082.2500383
188016.78217309	1439674.1889791	86744	1271935.6006219
186916.21002387	1439411.7937947	86744	1272769.6050915
185248.34966136	1438628.7125532	86747.835564656	1273649.9486533
184432.98907956	1438708.1366615	86748	1274533.649298
183481.11839647	1438613.440462	86748	1275386.2116528
182171.499114	1438183.284111	86751.495569994	1276262.6012995
181530.0556654	1438473.2361977	86752	1277189.0305703
180875.51473354	1438714.7887147	86752.347962382	1278084.1655172
179477.49335233	1438367.3162393	86764.114909782	1279115.4553656
177255.14545858	1437312.7630469	86768.120364202	1280274.9695758
175743.40890851	1437110.9273676	86772	1281580.8146067
178326.13901543	1440860.1592946	86774.744452608	1282740.6953711
175627.12189452	1439116.3091675	86776	1283690.300741
173865.39459839	1438427.5005261	86780	1284756.3320472
173137.9456	1438823.7253333	86788.4528	1285864.0421333
171141.46834286	1437953.8427429	86792	1286985.6420571
170124.08213744	1438139.640182	86792	1288185.5568778
168849.11235955	1438052.5987828	86792	1289363.4714419
168720.06525199	1439052.1633952	86799.058355438	1290482.9400531
168792.70163934	1440164.6863388	86804	1291510.6786885
164969.56850534	1437469.3127224	86804	1292634.2428826
165914.99780099	1439546.0186916	86804	1293760.9037933
166510.44450918	1441129.15351	86807.305563647	1294740.9560151
162733.92872416	1438407.4392967	86808	1295794.8999762
161252.86519824	1438135.3356828	86812	1296995.7629956
161178.3456418	1439251.9638282	86815.194674705	1298179.4981161
158677.67029583	1437936.9690971	86816	1299361.2110415
156834.13727228	1437421.7595273	86816	1300685.5235844
158046.94320357	1439770.1046586	86816	1301819.6662412
157923.52267303	1440557.2756563	86822.153937947	1302717.7869928
157457.78861789	1441108.4114079	86831.455413602	1303721.2786166
153947.46728253	1438758.5641702	86836	1304876.7293522
153177.48105118	1439129.2918396	86836	1306009.9795297
153517.7110336	1440361.5068845	86836.293005324	1306888.4266569
150304.48923284	1437955.1352624	86846.146702557	1307677.8909825
146998.69182912	1435733.568229	86850.204064703	1308758.47781
147038.7352103	1437047.3051408	86852	1310026.958623
145748.97502657	1436885.0680128	86852	1311150.1211477
142834.75428333	1435154.9172587	86852	1312329.6259925
144241.17763361	1437675.5001545	86852	1313438.0840284
141906.79150714	1436396.6288433	86859.400858568	1314484.734656
142693.27787022	1438203.7351082	86860	1315498.6575707
141105.52794671	1437511.4555459	86861.015348972	1316391.5348972
139097.97839712	1436513.917589	86865.518069076	1317396.0400053
139297.36529306	1437660.2160565	86868	1318335.9947463
137824.93722552	1437152.0160165	86872	1319292.9527254
137272.44264897	1437613.1103737	86872	1320305.235031
137898.49498896	1439148.3981654	86875.803635128	1321199.6833701
