1412287.1452991	1556789.008547	17312	255098.71794872
1411385.0464135	1556019.4599156	17312	255202.97046414
1410472.6727273	1555151.9454545	17316.618181818	255244.6
1410871.4690265	1555598.8672566	17324	255280.74336283
1410801.9170507	1555569.8986175	17324	255317.71428571
1410207.037037	1555021.9259259	17334.888888889	255351.83333333
1411041.5769231	1555892.4230769	17336	255387.03846154
1411070.2243902	1555960.0780488	17340.507317073	255421.75609756
1410891.7373737	1555826.2828283	17348	255457.6969697
1410829.2984293	1555803.4764398	17348	255493.9895288
1410364.2566845	1555378.2245989	17359.016042781	255526.75935829
1410328.0444444	1555386.6666667	17360	255561.95555556
1410152.7191011	1555236.1348315	17364.359550562	255585.28089888
1410057.2643678	1555191.1264368	17372	255625.70114943
1414207.1186441	1559371.819209	17372	255657.49152542
1414410.6214689	1559612.9265537	17382.915254237	255683.50282486
1414608.0470588	1559847.2	17384	255717.15294118
1414432.2857143	1559702.1190476	17388.928571429	255741.02380952
1414193.9151515	1559508.0969697	17396	255782.15757576
1413927.4634146	1559273.6341463	17396	255804.19512195
1414305.6727273	1559684.8242424	17407.272727273	255829.96363636
1414335.8809524	1559754.452381	17408	255872
1414034.0731707	1559478.0487805	17412.756097561	255890.95121951
1414395.3043478	1559885.1677019	17420	255923.70186335
1414013.006135	1559527.2638037	17420	255946.55214724
1414080.0493827	1559636.6666667	17430.962962963	255977.08641975
1413892	1559483.8780488	17432	256011.70731707
1413817.6196319	1559437.1042945	17436.63803681	256036
1413876.3	1559536.875	17444	256064.325
1413887.2484848	1559585.6484848	17444	256100.72727273
1413911.9036145	1559650.9638554	17454.554216867	256131.51807229
1413255.4878049	1559019	17456	256152.85365854
1413445.9259259	1559248.7654321	17459.851851852	256182.34567901
1413411.3865031	1559247.9754601	17468	256209.42331288
1413411.6319018	1559280.0490798	17468	256242.9202454
1413606.3658537	1559509.6341463	17478.024390244	256260.92682927
1413899	1559840.8780488	17480	256296.90243902
1413525.7804878	1559494.5853659	17483.731707317	256320.36585366
1413664.5432099	1559671.8518519	17492	256345.35802469
1413811.5802469	1559844.0493827	17492	256376.14814815
1413416.925	1559488.275	17501.525	256406.375
1413560.8695652	1559668.8944099	17504	256435.10559006
1413139.2564103	1559279.8205128	17506.923076923	256461.79487179
1413099.9753086	1559273.5308642	17516	256482.51851852
1413251.7987421	1559454.0377358	17516	256514.56603774
1413156.278481	1559399.5696203	17525.240506329	256545.21518987
1413386.1614907	1559663.1801242	17528	256571.18012422
1413342.3899371	1559653.3584906	17530.943396226	256604.52830189
1413247.6790123	1559601.1604938	17540	256638.2962963
1412760.225	1559140.8	17540	256660.875
1413074.9202454	1559495.607362	17548.981595092	256690.94478528
1413536.525	1559997.025	17552	256724.425
1413202.4596273	1559688.8198758	17554.459627329	256750.45962733
1412901.975	1559437.15	17564	256785.725
1413015.2658228	1559588.3037975	17564	256822.07594937
1412985.2	1559591.2	17572.4	256847.875
1412435.0310559	1559075.4534161	17576	256870.7826087
1412751.1139241	1559417.7721519	17577.797468354	256895.79746835
1412962.7654321	1559667.9259259	17588	256928.44444444
1413216.0759494	1559945.2658228	17588	256955.7721519
1412731.0674847	1559494.8466258	17595.950920245	256979.85276074
1412922.275	1559736.65	17600	257013.375
1412108.2891566	1558941.2048193	17601.373493976	257038.96385542
1412623.9506173	1559504.3703704	17612	257065.50617284
1412359.5878788	1559273.6	17612	257095.05454545
1412311.9748428	1559264.8805031	17619.899371069	257130.41509434
1412572.0754717	1559561.0062893	17624	257155.94968553
1412192.4171779	1559213.7668712	17625.300613497	257188.04907975
1412467.4285714	1559531.5279503	17636	257211.55279503
1412747.6273292	1559846.2111801	17636	257245.51552795
1412543.7300613	1559667.5582822	17643.36196319	257269.39877301
1412135.675	1559302.025	17648	257300.65
1412252.8198758	1559452.4968944	17648.670807453	257331.08074534
1412335.4355828	1559564.392638	17660	257355.4601227
1412100.1	1559363.175	17660	257386.55
1412425.0955414	1559719.0828025	17666.72611465	257417.65605096
1412121.044586	1559454.2675159	17672	257438.64968153
1411930.5939394	1559294.6909091	17672.993939394	257466.35151515
1412096.3170732	1559509.1219512	17684	257498.58536585
1411860.4	1559304.4	17684	257531.3
1412474.7393939	1559952.4121212	17693.503030303	257562.56969697
1411762	1559275.195122	17696	257589.36585366
1411745.25	1559287.7	17701.1	257614.85
1411729.242236	1559320.0248447	17708	257650.55900621
1411801.4102564	1559419.5384615	17708	257673.43589744
1411720.3544304	1559364.1012658	17719.240506329	257683.24050633
1411796.4303797	1559470.4810127	17720	257717.26582278
1412085.5696203	1559783.2658228	17724.151898734	257736.83544304
1411676.6792453	1559417.6603774	17732	257769.3081761
1412260.2038217	1560021.5286624	17732	257791.84713376
1411660	1559467.2151899	17741.797468354	257818.81012658
1411373.9874214	1559226.9937107	17744	257861.78616352
1412097.8343949	1559973.1210191	17746.598726115	257879.82165605
1411184.4444444	1559104.5679012	17756	257916.49382716
1411635.4683544	1559570.5063291	17756	257939.34177215
1411532.0509554	1559517.8853503	17764.407643312	257970.08917197
1411403.6521739	1559433.0186335	17768	258005.0931677
1411440.556962	1559492.556962	17769.443037975	258025.59493671
1411460.7341772	1559552.8101266	17780	258053.84810127
1411485.0886076	1559615.6708861	17780	258083.49367089
1411254.7080745	1559418.2608696	17787.453416149	258110.11180124
1411811.6178344	1560004.2292994	17792	258139.61783439
1411164.9325153	1559400.6134969	17793.104294479	258174.35582822
1411435.9240506	1559704.3037975	17804	258204.27848101
1411445.6932515	1559745.7177914	17804	258230.30674847
1411368.2962963	1559708.9876543	17811.481481481	258262.79012346
1411091.8518519	1559464.4938272	17816	258288.86419753
1411138.7	1559555.075	17817.35	258320.925
1411115.245283	1559568.8805031	17828	258344.70440252
1411173.0062893	1559656.2767296	17828	258375.06918239
1410699.2611465	1559213.8853503	17835.49044586	258399.82165605
1411078.9876543	1559634.3950617	17840	258433.55555556
1410743.8481013	1559332.6835443	17841.670886076	258459.3164557
1411218.225	1559848.3	17852	258486.875
1410926.931677	1559581.7639752	17852	258520.62111801
1410565.975	1559266.55	17861.6	258551.825
1410587.8734177	1559331.3670886	17864	258590.63291139
1410099.2151899	1558871.8734177	17866.405063291	258612.65822785
1410344.4050633	1559154.4050633	17876	258637.24050633
1410594.7924528	1559440.2767296	17876	258664.60377358
1410675.6708861	1559549.8481013	17884.278481013	258689.44303797
1410690.974359	1559601.4871795	17888	258722.30769231
1410565.1823899	1559511.9245283	17889.433962264	258754.01257862
1410610.9433962	1559602.3144654	17900	258780.45283019
1410510.0506329	1559526.0506329	17900	258802.25316456
1410144.3076923	1559206.9487179	17907	258842.48717949
1410445.1139241	1559539.5189873	17912	258868.55696203
1410560.9308176	1559672.9559748	17912.150943396	258891.57232704
1410378.8176101	1559540.9811321	17924	258917.71069182
1410072.3333333	1559263.7692308	17924	258946.05128205
1410525.55	1559760.275	17929.85	258975.85
1410042.025641	1559306.025641	17936	259001.76923077
1410096.25	1559385.5	17936	259025.325
1409961.2	1559297.425	17947.925	259056.9
1410137.35	1559512.775	17948	259095.9
1409802.6582278	1559211.4683544	17953.82278481	259120.93670886
1409368.5283019	1558816.9056604	17960	259147.27044025
1409972.2292994	1559451.0318471	17960	259178.87898089
1409785.7579618	1559316.2038217	17971.923566879	259204.43312102
1409865.4545455	1559416.2857143	17972	259230.51948052
1410206.5732484	1559793.8598726	17978.573248408	259257.42675159
1409796.2547771	1559434.0382166	17992	259285.65605096
1410292.6878981	1559958.4203822	17992	259310.44585987
1409473.9371069	1559182.3647799	18000.679245283	259350.08805031
1409938.4713376	1559671.7961783	18004	259368.22929936
1409730.116129	1559499.483871	18006.529032258	259405.67741935
1409763	1559583.4871795	18016	259429.38461538
1409484.621118	1559329.6397516	18016	259461.83850932
1409522.9	1559415.5	18025	259490
1409451.7974684	1559378.2278481	18028	259520.93670886
1409779.6410256	1559734.7948718	18030.692307692	259543.84615385
1408942.2389937	1558944.1257862	18040	259581.91194969
1409427.4814815	1559449.1851852	18040	259604.54320988
1409355.8734177	1559413.1898734	18048.658227848	259629.84810127
1409037.6352201	1559138.3647799	18052	259660.0754717
1409432.7295597	1559556.4779874	18054.188679245	259684.27672956
1409407.1025641	1559580.8461538	18064	259719.79487179
1409457.4842767	1559665.8113208	18064	259750.6163522
1409956.5889571	1560204.6625767	18073.202453988	259780.09815951
1409761.4683544	1560037.1139241	18076	259804.2278481
1409187.1	1559499.625	18079.525	259838
1409337.2919255	1559688.8447205	18088	259863.67701863
1408747.2405063	1559136.0759494	18091.974683544	259893.92405063
1409463.443038	1559887.6455696	18102.405063291	259919.5443038
1409233.8580645	1559691.6387097	18104	259950.01290323
1408727.4904459	1559223.133758	18108.127388535	259978.85350318
1408455.4871795	1558989.6923077	18116	260008.56410256
1408822.4556962	1559390.8860759	18116	260035.16455696
1409056.6835443	1559667.4936709	18125.797468354	260064.73417722
1408501.8853503	1559126.6751592	18128	260077.47770701
1408630.5838509	1559286.2360248	18135.453416149	260099.00621118
1408919.2405063	1559623.7974684	18144	260131.24050633
1408477.2051282	1559221.1282051	18144	260170.05128205
1408622.1656051	1559396.8407643	18153.936305732	260187.87261146
1408634.4444444	1559444.7407407	18156	260221.13580247
1408207.2658228	1559049.0379747	18160.253164557	260243.41772152
1408671.1139241	1559553.9746835	18168	260279.06329114
1408344.7388535	1559255.4394904	18168	260306.87898089
1408709.6202532	1559671.5443038	18183.139240506	260340.25316456
1408894	1559886.7692308	18184	260364.64102564
1408428.7898089	1559451.1847134	18188.738853503	260389.47770701
1408466.955414	1559535.6178344	18196	260428.76433121
1407997.1974522	1559099.2101911	18196	260453.60509554
1408211.8169935	1559359.0849673	18207.111111111	260479.1372549
1408284.1265823	1559452.0253165	18208	260508.55696203
1408117.7324841	1559323.1592357	18212.738853503	260533.93630573
1407882.5732484	1559131.1082803	18223.974522293	260568.81528662
1407836.7179487	1559113.6666667	18224	260590.8974359
1408160.5419355	1559483.8709677	18234.838709677	260626.01290323
1407992.4556962	1559349.8227848	18236	260657.67088608
1408056.1783439	1559449.2993631	18240.815286624	260682.95541401
1407933.3670886	1559360	18248	260717.87341772
1408336.8050314	1559802.163522	18248	260747.29559748
1408046.9113924	1559555.2405063	18259.620253165	260775.21518987
1408032.3037975	1559575.721519	18263.974683544	260803.34177215
1408320.45	1559896.45	18269.625	260835.7
1407912.3018868	1559525.1823899	18276	260858.21383648
1407848.9681529	1559497.2229299	18276	260888.94267516
1407418.4871795	1559109.7179487	18287.923076923	260916.97435897
1407703.8717949	1559421.3076923	18288	260948.43589744
1407642.5341615	1559388.5217391	18293.590062112	260967.57763975
1407171.9741935	1558963.716129	18300	260999.53548387
1407589.9869281	1559404.7843137	18303.973856209	261017.35947712
1407532.8301887	1559409.4842767	18315.547169811	261061.1572327
1407380.2038217	1559288.2292994	18316	261087.05732484
1407549.5443038	1559481.0886076	18321.544303797	261111.67088608
1407291.45	1559272.425	18328	261146.475
1407221.2658228	1559235.1898734	18328	261174.12658228
1407245.9622642	1559298.1132075	18339.924528302	261200.30188679
1407266.0759494	1559349.3164557	18340	261233.51898734
1407214.5732484	1559345.5031847	18349.554140127	261270.67515924
1407021.3924051	1559182.7088608	18356	261284.25316456
1407672.6369427	1559853.3757962	18356	261306.47133758
1407159.875	1559388.35	18367.6	261335.75
1407398.1538462	1559648.6153846	18368	261359.46153846
1407195.9496855	1559485.0314465	18373.433962264	261393.2327044
1407598.7612903	1559934.683871	18380	261424.0516129
1407101.875	1559463.725	18380	261444.65
1406975.3121019	1559383.6942675	18395.898089172	261477.60509554
1407332.1528662	1559774.0382166	18396	261504.91719745
1407014.5384615	1559498.025641	18402.128205128	261538.28205128
1406834.7870968	1559355.2	18408	261566.32258065
1407192.7692308	1559748.6153846	18408.384615385	261601.61538462
1406458.1656051	1559048.0254777	18420	261622.31847134
1406818.0377358	1559447.245283	18420	261656.12578616
1406802.2051282	1559465.1282051	18427.307692308	261682.56410256
1406743.2727273	1559436.9350649	18435.974025974	261704.80519481
1407113.4842767	1559845.5345912	18437.358490566	261736.50314465
1406494.8101266	1559261.3924051	18448	261760.20253165
1406685.1025641	1559494.8205128	18448	261801.48717949
1406680.0253165	1559535.3924051	18456.050632911	261834
1406037.443038	1558921.2405063	18460	261858.53164557
1406485.8853503	1559403.0828025	18462.369426752	261891.00636943
1406688.5316456	1559644.2278481	18472	261925.24050633
1406356.5822785	1559358.3291139	18475.974683544	261946.07594937
1406803.3766234	1559837.6363636	18486.519480519	261969.63636364
1406167.075	1559237.8	18488	262001.675
1406494.8176101	1559595.3459119	18493.811320755	262022.64150943
1406140.4903226	1559282.916129	18500	262065.21290323
1405737.9622642	1558909.509434	18500.075471698	262083.72327044
1406173.1948052	1559392	18512	262115.87012987
1405822.8607595	1559070.6582278	18512	262148.20253165
1406035.7707006	1559325.656051	18522.624203822	262179.92356688
1406026.025641	1559358.6923077	18528	262206.82051282
1405691.2658228	1559055.4936709	18529.063291139	262238.05063291
1405872.6410256	1559284.5641026	18540	262266.33333333
1406029.4615385	1559462.9230769	18540	262289.53846154
1406076	1559542.6086957	18547.826086957	262314.7826087
1405839.9225806	1559350.8129032	18552	262352.38709677
1405820.7133758	1559356.0254777	18554.038216561	262371.2866242
1405964.8717949	1559544.1282051	18567.974358974	262402.33333333
1405944.8205128	1559563.8205128	18568	262433.53846154
1405635.2201258	1559308.2012579	18576.578616352	262466.89308176
1405865.6258065	1559546.683871	18580	262477.13548387
1405704.3018868	1559418.8427673	18582.716981132	262506.03773585
1405502.8903226	1559252.7741935	18592	262536.98064516
1405440.0254777	1559224.1273885	18592	262559.84713376
1405531.4871795	1559355.8205128	18601.205128205	262589.61538462
1405355.7935484	1559212.7741935	18607.974193548	262612.87741935
1405256.9620253	1559157.7468354	18611.037974684	262652.98734177
1405362.9677419	1559305.1096774	18620	262682.21935484
1405418.3846154	1559387.6410256	18620	262706.82051282
1405394.2337662	1559400.1038961	18629.974025974	262736.64935065
1405878.1025641	1559924.2051282	18632	262764.58974359
1405337.425	1559420.85	18636.35	262793.6
1405239.7435897	1559363.1025641	18644	262832.61538462
1405423.5776398	1559568.7204969	18648.919254658	262850.53416149
1405029.3164557	1559222.4303797	18660	262880.43037975
1404942.0769231	1559169.2564103	18660	262904.38461538
1405123.2516129	1559392.6967742	18667.974193548	262938.86451613
1405427.4064516	1559726.6322581	18672	262967.87096774
1405117.2229299	1559451.9745223	18673.426751592	262996.3566879
1404723.8717949	1559101.7692308	18684	263027.79487179
1405034.2531646	1559442.7594937	18684	263056.30379747
1404909.2993631	1559359.9490446	18696.050955414	263080.86624204
1404297.025641	1558779.9230769	18700	263110.53846154
1404602.7096774	1559133.9096774	18701.522580645	263166.96774194
1404783.5159236	1559347.8471338	18712	263171.94904459
1404740.8205128	1559336.9487179	18712	263200.8974359
1404523.3710692	1559156.6540881	18719.622641509	263227.16981132
1404639.3548387	1559305.5225806	18724	263257.18709677
1404551.4322581	1559250.5806452	18725.548387097	263284.49032258
1404629.2658228	1559378.6835443	18739.974683544	263318.48101266
1404811.038961	1559588.8571429	18740	263342.44155844
1404678.7973856	1559492.6013072	18747.921568627	263364.62745098
1404616.0764331	1559470.7006369	18752	263397.42675159
1404618.9542484	1559508	18753.803921569	263429.85620915
1404462.835443	1559395.8734177	18764	263462.20253165
1404284.2025316	1559243.8734177	18764	263490.53164557
1404446.7770701	1559437.3757962	18772.407643312	263510.36942675
1404089.3076923	1559133.0512821	18779.974358974	263550.02564103
1403483.5844156	1558550.4675325	18782.38961039	263575.61038961
1403646.3421053	1558759.3684211	18792	263610.10526316
1404038.3483871	1559183.8451613	18792	263636.59354839
1403834.8496732	1559010.1699346	18800.91503268	263662.48366013
1404178.5477707	1559380.9936306	18804	263680.12738854
1404119.5189873	1559361.0886076	18807.417721519	263713.26582278
1403970.7870968	1559249.3419355	18816	263737.21290323
1403982.8427673	1559296.0754717	18819.974842767	263763.72327044
1403807.4716981	1559165.2075472	18830.540880503	263799.57232704
1404540.0254777	1559928.1019108	18832	263816.68789809
1404055.6433121	1559476.5605096	18837.401273885	263846.87898089
1404061.6855346	1559523.0691824	18844	263882.64150943
1403983.4394904	1559481.1719745	18844	263911.13375796
1403727.225	1559273.825	18855.925	263941.875
1403270.9620253	1558847.0379747	18856	263969.64556962
1404278.1558442	1559889.6363636	18866.285714286	263996.41558442
1403380.4358974	1559030.025641	18872	264022.87179487
1403491.2356688	1559169.7070064	18872.382165605	264050.70063694
1403643.2207792	1559368.2337662	18884	264080.5974026
1403429.164557	1559194.7848101	18884	264114.75949367
1403223.721519	1559022.9873418	18890.835443038	264145.24050633
1403566.2597403	1559407.6623377	18896	264173.01298701
1403494.5477707	1559361.5541401	18896.611464968	264198.72611465
1403696.6410256	1559600.3589744	18911.974358974	264222.87179487
1403440.3096774	1559385.9096774	18912	264264.98064516
1403502.2077922	1559481.0649351	18919.246753247	264284.41558442
1403825.8717949	1559848.3333333	18924.102564103	264318.43589744
1403199.4025974	1559260.7792208	18928.623376623	264349.68831169
1403179.716129	1559277.083871	18940	264371.09677419
1403346.1677419	1559470.9935484	18940	264399.74193548
1402855.7935484	1559023.3806452	18946.658064516	264427.43225806
1403001.9870968	1559211.483871	18955.974193548	264458.42580645
1402707.9230769	1558941.7179487	18956	264485.43589744
1402938.9803922	1559221.5947712	18967.921568627	264521.01960784
1402851.7948718	1559167.4615385	18968	264547.05128205
1402345.124183	1558693.3333333	18973.803921569	264570.5620915
1402703.0967742	1559088.5677419	18980	264603.22580645
1402635.2405063	1559053.7468354	18980	264637.06329114
1403286.1656051	1559742.2675159	18991.923566879	264660.48407643
1402713.5384615	1559211.1538462	18995.974358974	264691.02564103
1402473.5641026	1559003.3333333	19001.846153846	264717.17948718
1403019.2258065	1559586.916129	19008	264740.56774194
1402655.974026	1559262.025974	19008	264771.53246753
1402620.4903226	1559260.7483871	19019.535483871	264796.07741935
1402877.025	1559558.45	19020	264833.35
1402813.4102564	1559529.7948718	19025.128205128	264862.94871795
1402684.0519481	1559427.8701299	19032	264880.72727273
1402138.5714286	1558922.961039	19035.974025974	264910.5974026
1402084.6666667	1558904.5384615	19047.384615385	264930.51282051
1402348.7798742	1559197.7106918	19048	264964
1402386.6835443	1559271.9746835	19053.544303797	264994.50632911
1402246.5316456	1559167.2911392	19060	265019.7721519
1399779.7948718	1556731.3846154	19060	267334.02564103
1399465.3503185	1556451.7707006	19071.770700637	267380.63694268
1399523.5612903	1556549.8580645	19072	267413.83225806
1399957.8823529	1557029.2026144	19081.777777778	267440.67973856
1399946.1538462	1557055.6666667	19088	267471.87179487
1400149.883871	1557298.2709677	19088	267506.03870968
1399566.0653595	1556752.2091503	19099.921568627	267533.9869281
1400023.1898734	1557240.0759494	19100	267554.96202532
1399750.7770701	1557000.8917197	19105.503184713	267584.89171975
1399804.5490196	1557094.0653595	19112	267614.61437908
1399406.0519481	1556738.5454545	19112	267649.35064935
1399480.3846154	1556857.9487179	19127.897435897	267682.66666667
1399819.2774194	1557228.9032258	19128	267708.23225806
1399460.2064516	1556894.7612903	19133.496774194	267726.60645161
1399009.6623377	1556493.6883117	19140	267767.97402597
1399393.7548387	1556910.3225806	19140	267791.58709677
1398912.8684211	1556460.0789474	19151.763157895	267815.21052632
1399215.3121019	1556802.8025478	19152	267853.4522293
1399229.8441558	1556847.3506494	19157.688311688	267873.97402597
1399134.0512821	1556801.7435897	19167.974358974	267905.69230769
1399004.7692308	1556702.2564103	19168	267941.84615385
1398886.875817	1556629.0980392	19179.921568627	267964.70588235
1399249.7435897	1557020.8717949	19180	267993.07692308
1398759.6883117	1556561.6363636	19185.454545455	268020.54545455
1399047.2	1556899.0133333	19192	268058.29333333
1398814.3544304	1556695.4936709	19192	268086.4556962
1398990.4968153	1556901.5031847	19203.541401274	268107.33757962
1399047.8734177	1557005.4683544	19207.974683544	268144.30379747
1398791.503268	1556777.4117647	19213.22875817	268170.74509804
1398976.9487179	1557001.4615385	19220	268193.66666667
1398599.8193548	1556658.4258065	19220	268223.04516129
1398939.9745223	1557044.5859873	19231.541401274	268259.49044586
1398610	1556742.8831169	19232	268285.01298701
1398674.7792208	1556844.6233766	19237.376623377	268307.22077922
1399315.5128205	1557518.4102564	19244	268335.74358974
1398378.0382166	1556620.1528662	19247.974522293	268368.05095541
1398519.3246753	1556793.2727273	19259.844155844	268383.94805195
1398474.5032258	1556782.7096774	19260	268410.47741935
1397994.6753247	1556331.1428571	19265.688311688	268438.75324675
1398496.1528662	1556876.9681529	19272	268471.51592357
1398282.2051282	1556689.5641026	19272.076923077	268501.35897436
1398488.5897436	1556945.2820513	19284	268527.1025641
1398651.6315789	1557133.4473684	19284	268556.89473684
1398871.2941176	1557392.2614379	19295.032679739	268581.38562092
1398564.1806452	1557112.5677419	19300	268602.96774194
1399078.4150943	1557671.0691824	19302.691823899	268639.57232704
1398215.025641	1556849.3846154	19312	268672.25641026
1398365.4285714	1557034.4675325	19312	268704.12987013
1398326.2368421	1557038.4736842	19323.368421053	268732.42105263
1398302.7354839	1557044.8	19324	268757.96129032
1398574.8205128	1557355.2307692	19329.282051282	268785.64102564
1397837.883871	1556666.3483871	19339.974193548	268824.92903226
1397803.7452229	1556655.9490446	19340	268847.49044586
1397683.372549	1556581.0196078	19351.921568627	268878.71895425
1397952.9673203	1556891.5294118	19352	268909.64705882
1397838.0392157	1556800.9411765	19357.464052288	268928.99346405
1397551.36	1556553.6266667	19364	268964.56
1397616.6709677	1556652.4129032	19364	268994.99354839
1397919.0193548	1557001.4193548	19375.922580645	269020.87741935
1397195.8961039	1556308.5974026	19379.974025974	269048.72727273
1397956.3096774	1557105.7548387	19385.806451613	269079.22580645
1397701.7324841	1556879.6942675	19392	269098.44585987
1397700.8051948	1556920.1038961	19392	269132.25974026
1397873.5031847	1557128.6369427	19404	269159.97452229
1397627.2356688	1556915.8471338	19404	269187.23566879
1397818.1699346	1557146.4836601	19410.797385621	269217.93464052
1397121.1948052	1556482	19416	269243.97402597
1397379.2727273	1556781.1688312	19420.025974026	269281.74025974
1397095.0967742	1556544.3612903	19432	269305.44516129
1397353.6516129	1556828.8	19432	269329.13548387
1397457.2564103	1556968.1282051	19438.076923077	269355.35897436
1397119.4904459	1556673.8598726	19444	269395.05732484
1397027.8967742	1556613.8322581	19444.206451613	269425.83225806
1397099.1428571	1556735.2727273	19456	269453.45454545
1397574.1456954	1557227.3642384	19456	269477.32450331
1396781.8961039	1556483.1688312	19468	269512.67532468
1397381.425	1557121.775	19472	269536.675
1397426.0253165	1557199.8987342	19475.721518987	269567.84810127
1397084.7792208	1556886.3116883	19484	269584.96103896
1396950.8280255	1556791.4140127	19484	269620.56050955
1397136.3076923	1557013.5128205	19494.384615385	269645.82051282
1396935.2051282	1556838.4358974	19496	269670.79487179
1396692.3443709	1556634.3311258	19500.370860927	269702.49006623
1396814.5897436	1556800.5897436	19511.974358974	269729.74358974
1396486.3846154	1556500.8205128	19512	269754.33333333
1396566.5032258	1556625.9870968	19522.916129032	269784.33548387
1396594.3076923	1556687.2051282	19524	269816.97435897
1396625.2820513	1556752.6410256	19528.076923077	269840.48717949
1396395.8451613	1556566.1419355	19536	269877.39354839
1396550.48	1556748.5333333	19536	269906.34666667
1396343.8205128	1556587.8461538	19545.820512821	269938.48717949
1396347.7935484	1556622.2709677	19551.974193548	269956.23225806
1396311.6645161	1556619.0193548	19555.458064516	269988.36129032
1395467.0967742	1555808.1548387	19564	270014.09032258
1395437.6883117	1555813.9480519	19564	270045.87012987
1394997.1503268	1555407.503268	19573.960784314	270074.16993464
1394763.972973	1555219.1891892	19576	270098.27027027
1395361.6107383	1555855.0872483	19579.22147651	270128.83221477
1396691.6923077	1557240.974359	19588	270167.48717949
1396121.0322581	1556701.8580645	19591.974193548	270196.0516129
1396395.6862745	1557006.5620915	19601.54248366	270221.01960784
1395679.6339869	1556336.0522876	19604	270255.55555556
1396128.5033113	1556813.1125828	19607.099337748	270282.49006623
1396121.1948052	1556851.5584416	19616	270307.76623377
1396237.2903226	1556998.3741935	19616	270341.62580645
1395839.6556291	1556634.9933775	19625.377483444	270367.31125828
1396249.4640523	1557072.8366013	19628	270394.66666667
1395928.1032258	1556790.4774194	19634.735483871	270423.04516129
1395791.3157895	1556699.3421053	19644	270449.92105263
1395555.3684211	1556496.9736842	19644	270478.92105263
1395818.3576159	1556794.781457	19652.238410596	270509.98675497
1395785.0909091	1556792.9350649	19656	270537.53246753
1395728.5228758	1556763.1111111	19657.54248366	270557.04575163
1395621.4569536	1556703.2317881	19668	270590.33112583
1395571.5064935	1556695.974026	19668	270627.19480519
1395655.5641026	1556821.7435897	19680.358974359	270653.66666667
1395560.6797386	1556757.2026144	19684	270681.33333333
1395644.8571429	1556865.7662338	19686.25974026	270703.53246753
1395719.038961	1556985.1428571	19696	270734.25974026
1395403.4736842	1556702.4473684	19696	270769.57894737
1395532.2337662	1556858.1038961	19705.090909091	270776.38961039
1395627.503268	1556985.0718954	19708	270798.14379085
1395320.5128205	1556706.8205128	19711.282051282	270832.20512821
1395361.5629139	1556797.0331126	19723.973509934	270866.09271523
1395311.388535	1556780.1019108	19724	270891.13375796
1395384.5641026	1556896.1282051	19734.307692308	270916.05128205
1395006.5960265	1556554.8874172	19736	270951.78807947
1395512.961039	1557091.974026	19740.519480519	270973.42857143
1394889.7631579	1556508.5263158	19748	271007.55263158
1395172.6797386	1556819.0326797	19748	271036.99346405
1395214.8157895	1556907.0789474	19759.368421053	271066.76315789
1395128.9548387	1556853.0322581	19763.974193548	271092.30967742
1394712.4645161	1556484.6193548	19769.935483871	271128.38709677
1395048.8421053	1556848.4736842	19776	271151.15789474
1395047.5324675	1556879.1428571	19776.519480519	271180.54545455
1395118.3733333	1556998.3733333	19788	271213.09333333
1395343.8145695	1557250.1456954	19788	271238.1986755
1394978.6052632	1556913.3421053	19795.578947368	271257.65789474
1394896.5526316	1556875.2894737	19800	271293.07894737
1395131.5555556	1557152.2614379	19805.908496732	271323.73856209
1395475.6666667	1557546.7435897	19816	271356.25641026
1394820.2025316	1556917.7974684	19816	271390.78481013
1394924.2875817	1557052.7581699	19825.307189542	271409.35947712
1394640.987013	1556803.8961039	19828	271438.05194805
1394661.2368421	1556850.6315789	19831.447368421	271465.81578947
1394686.9935484	1556915.5870968	19840	271488.28387097
1394579.0193548	1556854.2709677	19840	271523.58709677
1394531.4025974	1556847.2727273	19854.727272727	271552.88311688
1394283.7385621	1556638.1437908	19856	271582.53594771
1394059.2894737	1556448.3421053	19861.578947368	271608.52631579
1394304.3178808	1556726.0397351	19868	271636.95364238
1394816.4645161	1557283.5612903	19868.051612903	271677.39354839
1394117.3071895	1556632.627451	19880	271708.36601307
1393850.96	1556392.3733333	19880	271736.72
1394274.8609272	1556848.7417219	19886.966887417	271759.41721854
1394491.0193548	1557107.5096774	19895.974193548	271788.69677419
1394157.1948052	1556803.0649351	19897.714285714	271812
1394453.4569536	1557139.6291391	19908	271845.64238411
1394756.7012987	1557475.0909091	19908	271875.53246753
1393779.2894737	1556527.8684211	19917.157894737	271892.81578947
1394064.1558442	1556852.6753247	19920	271928.75324675
1393987.2368421	1556820.2105263	19923.552631579	271963.26315789
1393679.5945946	1556538.1081081	19932	271978.37837838
1393677.8684211	1556567.6842105	19935.973684211	272011.89473684
1393685.1870968	1556618.0903226	19946.529032258	272034.50322581
1393717.0860927	1556677.4304636	19948	272059.65562914
1393817.8684211	1556812.6052632	19953.131578947	272086.15789474
1394092.9411765	1557136.3660131	19960	272128.41830065
1393885.3594771	1556956.627451	19960	272151.50326797
1394239.0065359	1557343.4248366	19971.921568627	272176.41830065
1393545.0860927	1556691.0728477	19972	272203.60264901
1393791.7908497	1556975.869281	19982.640522876	272227.76470588
1393632.9127517	1556867.5973154	19988	272262.87248322
1393909.5733333	1557166.8266667	19988.64	272290.72
1393533.2715232	1556843.9205298	20000	272322.22516556
1393460.5033113	1556796.6092715	20000	272365.19205298
1393423.3157895	1556801.1578947	20007.657894737	272384.31578947
1393493.7631579	1556908.4736842	20012	272413.78947368
1393546.5620915	1556996.2091503	20014.117647059	272449.12418301
1393154.1052632	1556642.0526316	20027.973684211	272470.81578947
1393196.32	1556712.32	20028	272499.6
1393343.8933333	1556894.8266667	20037.04	272520.02666667
1393069.8961039	1556662.5194805	20040	272556
1393357.4379085	1556983.9477124	20043.37254902	272582.79738562
1393069.9072848	1556735.7615894	20052	272613.37748344
1392965.3333333	1556665.6470588	20052	272647.1372549
1393297.9869281	1557035.7385621	20062.169934641	272671.60784314
1393011.9480519	1556791.5324675	20067.974025974	272699.45454545
1392847.8169935	1556658.9542484	20072.470588235	272735.92156863
1393180.6193548	1557032.6709677	20080	272763.76774194
1392957.8013245	1556833.9602649	20080	272782.49006623
1393266.4102564	1557178.025641	20091.820512821	272812.43589744
1392753.9869281	1556709.4901961	20092	272840.91503268
1392967.92	1556952.72	20098.16	272871.25333333
1393004.1548387	1557033.1612903	20104	272904.61935484
1393162.6756757	1557234.027027	20108.378378378	272936.64864865
1392826.08	1556935.2266667	20120	272958.45333333
1392891.5294118	1557025.3071895	20120	272993.35947712
1392747.0193548	1556926.0387097	20128.95483871	273016.43870968
1392933.6732026	1557142.0392157	20132	273040.94117647
1392692.5637584	1556939.4899329	20137.288590604	273072.08053691
1392576.1842105	1556862.3157895	20144	273097.21052632
1392328.9210526	1556646.2368421	20144.368421053	273132.65789474
1392204.5033113	1556572.6887417	20159.973509934	273161.37748344
1392351.4285714	1556734.2312925	20160	273177.14285714
1392368.5194805	1556793.9220779	20166.831168831	273209.97402597
1392786.2251656	1557247.3377483	20172	273229.9602649
1392209.4039735	1556697.6953642	20172.476821192	273261.11258278
1392272.2278481	1556812.5822785	20184	273303.29113924
1392337.5099338	1556899.1258278	20184	273315.78807947
1392054.1052632	1556656.0263158	20191.657894737	273347.73684211
1392330.013245	1556970.8344371	20199.973509934	273378.86092715
1392796.0264901	1557475.4437086	20201.986754967	273409.11258278
1391850.3006536	1556573.8300654	20212	273441.7254902
1392120.5128205	1556875.2564103	20212	273469.30769231
1392174.5526316	1556960.0789474	20220.921052632	273493.39473684
1391402.1699346	1556218.9542484	20224	273521.12418301
1391196.5263158	1556044.8421053	20226.921052632	273545.60526316
1391612.6493506	1556512.6493506	20236	273585.84415584
1392075.8684211	1557001.5263158	20239.973684211	273608.02631579
1392046.0915033	1557006.6666667	20249.960784314	273628.26143791
1391819.5294118	1556832.130719	20252	273665.59477124
1391645.7218543	1556687.5231788	20256.026490066	273706.01324503
1391844.7894737	1556925.6315789	20264	273724.26315789
1392034.32	1557151.1733333	20264	273755.76
1391647.8684211	1556794.5526316	20274.710526316	273780.92105263
1391570.5789474	1556765.5526316	20276	273819.31578947
1391318.4054054	1556733	20287.432432432	274010.86486486
1391802.8108108	1557398.7027027	20292	274166.05405405
1390756.7368421	1556373.4210526	20294.605263158	274187.26315789
1390740.5405405	1556409.2162162	20304	274226.10810811
1391705.5064935	1557388.1558442	20304	274240.44155844
1391216.6535948	1556938.5098039	20313.725490196	274275.4248366
1391160.4935065	1556929.2727273	20316	274308.36363636
1390799.3825503	1556607.1946309	20320.322147651	274341.71812081
1391009.9736842	1556859.2368421	20331.973684211	274368.15789474
1391281.8278146	1557158.9403974	20332	274393.8013245
1390683.1523179	1556601.9337748	20343.284768212	274423.54966887
1390724.1578947	1556670.0526316	20344	274448.34210526
1390380.56	1556363.36	20349.493333333	274477.09333333
1390826.6754967	1556851.205298	20356	274507.73509934
1390154.6666667	1556210.248366	20356.156862745	274539.24183007
1390725.5324675	1556821.8441558	20368	274569.01298701
1390598.0789474	1556731.4473684	20371.973684211	274590.76315789
1390182.3513514	1556348.1891892	20379.459459459	274619.86486486
1390318.781457	1556530.1721854	20384	274654.96688742
1390149.1733333	1556367.0133333	20385.52	274662.77333333
1390379.2483221	1556647.5973154	20396	274698.7114094
1390355.0067114	1556660.1342282	20396	274736.13422819
1390358.0903226	1556696.0774194	20404.748387097	274753.96129032
1390635.6266667	1557011.76	20408	274784
1390393.4640523	1556804.7843137	20415.08496732	274811.29411765
1390166.379085	1556626.9542484	20424	274846.74509804
1390898.147651	1557381.2885906	20424	274881.87919463
1390144.0533333	1556669.4133333	20434.053333333	274907.01333333
1389990.6666667	1556553.2789116	20436	274935.40136054
1390064.966443	1556655.8120805	20440.429530201	274960.77852349
1389705.0718954	1556341.4117647	20448	274990.71895425
1389766.24	1556424.2666667	20448	275012.24
1388969.1655629	1555677.5629139	20463.496688742	275043.9205298
1388327.4965035	1555067.7762238	20464	275076.39160839
1388672.8378378	1555439.2432432	20469.972972973	275089.48648649
1388595.8611111	1555404.1944444	20476	275130.80555556
1388523.4206897	1555364.0551724	20476.220689655	275152.22068966
1388567.4630872	1555455.3288591	20488	275178.09395973
1388599.28	1555509.1466667	20488	275217.65333333
1388446.4931507	1555387.8630137	20494.739726027	275236.19178082
1388620.6357616	1555609.7483444	20503.973509934	275262.78145695
1388894.9459459	1555915.8918919	20505.135135135	275294.32432432
1388846.5165563	1555909.1390728	20516	275328.2384106
1390152.4736842	1557240.3947368	20516	275346.26315789
1389808.3489933	1556929.7718121	20524.536912752	275372.26845638
1389832.5333333	1556999.6266667	20528	275407.54666667
1389416.6979866	1556610.1208054	20531.033557047	275436.37583893
1389483.5789474	1556718.5789474	20540	275459.02631579
1390076.1066667	1557350.72	20543.973333333	275492.66666667
1389646.7862069	1556961.737931	20554.593103448	275518.4
1389291.8169935	1556638.9803922	20556	275542.09150327
1389539.7852349	1556936.8590604	20561.55704698	275588.8590604
1386762.4275862	1554594.3172414	20568	276014.75862069
1387291.3557047	1555154.0134228	20568	276040.69798658
1388935.8639456	1556846.5034014	20579.918367347	276068.92517007
1389120.627451	1557053.3856209	20580	276091.86928105
1389430.9659864	1557407.7006803	20590.340136054	276124.21768707
1388560.1351351	1556568.4864865	20596	276148.24324324
1388737.4054054	1556794.2972973	20596.459459459	276188
1388899.7350993	1556994.2516556	20608	276217.32450331
1388504.6756757	1556620	20608	276240.10810811
1388278.48	1556417.6266667	20615.6	276251.38666667
1388610.5430464	1556783.0463576	20620	276279.81456954
1388650.9139073	1556859.205298	20621.82781457	276311.15231788
1388482.5290323	1556731.9225806	20635.974193548	276334.65806452
1388333.7218543	1556614.2781457	20636	276363.70860927
1388464.0536913	1556787.8926174	20645.020134228	276392.56375839
1388483.8648649	1556832.9459459	20648	276417.56756757
1388331.8389262	1556716	20651.033557047	276444.6442953
1388024.3221477	1556455.409396	20660	276473.31543624
1388090.972973	1556563.3513514	20660	276513.97297297
1388415.1733333	1556913.12	20669.6	276530.50666667
1388955.1523179	1557496.5827815	20675.973509934	276575.9205298
1388328.7682119	1556909.4039735	20680.344370861	276599.60264901
1388100.5714286	1556716.6802721	20688	276622.88435374
1388364.3178808	1557005.589404	20688	276647.39072848
1388294.8	1556979.1466667	20699.84	276679.76
1388263.2551724	1556987.1172414	20700	276713.54482759
1388314.1369863	1557057.9178082	20706.328767123	276727.67123288
1388032.397351	1556819.0198675	20712	276761.53642384
1387796.295302	1556629.7449664	20717.073825503	276797.66442953
1388298.4161074	1557164.1879195	20728	276818.04026846
1387911.0067114	1556814.5503356	20728	276855.24832215
1387644.8435374	1556585.1972789	20736.244897959	276879.45578231
1387966.3087248	1556935.3825503	20740	276909.61073826
1387575.3783784	1556577.9189189	20743	276936.54054054
1387794.5675676	1556841.3243243	20752	276964.32432432
1387380.2933333	1556457.92	20752	276993.09333333
1387481.2162162	1556601.8918919	20766.189189189	277018.59459459
1387159.7315436	1556314.8187919	20768	277058.76510067
1387246.3129252	1556449.6870748	20772.897959184	277084.89795918
1387606.5945946	1556846.7837838	20780	277114.02702703
1387174.7466667	1556436.5066667	20780	277139.52
1387532.3733333	1556837.7066667	20791.813333333	277167.36
1387230.7114094	1556568.5637584	20792	277196.16107383
1387520.88	1556889.1733333	20798.613333333	277217.46666667
1387621.1428571	1557033.3061224	20807.972789116	277246.96598639
1387456.2721088	1556913.4693878	20809.034013605	277277.7414966
1386776.4109589	1556265.0958904	20820	277304.30136986
1387406.5306122	1556927.2108844	20820	277332.59863946
1387334.0134228	1556905.9060403	20828.295302013	277374.84563758
1387454.442953	1557046.9798658	20832	277387.75838926
1387105.9072848	1556740.2119205	20834.675496689	277421.85430464
1387071.5466667	1556726.7466667	20844	277428.88
1387014.2550336	1556709.6912752	20847.973154362	277460.75167785
1387024.0547945	1556754.3013699	20857.863013699	277486.08219178
1386838.1768707	1556594.0952381	20860	277513.55102041
1386977.0263158	1556761.7105263	20864.026315789	277537.52631579
1386720.7785235	1556547.0067114	20872	277566.06711409
1386305.2244898	1556169.4421769	20872	277601.17006803
1386967.8918919	1556862.027027	20883.162162162	277621.10810811
1386793.2244898	1556724.0272109	20884	277653.06122449
1386743.5675676	1556716.8918919	20893.567567568	277681.62162162
1386259.2418301	1556276.2614379	20900	277721.25490196
1386814.9387755	1556851.1020408	20900.299319728	277746.04081633
1386902.5695364	1556988.9006623	20912	277762.62251656
1386314.3157895	1556440.0263158	20912	277802.92105263
1386188.1088435	1556354.5034014	20919.56462585	277836.16326531
1386549.9319728	1556742.0952381	20924	277857.57823129
1386537.3506494	1556763.7402597	20925.87012987	277890.18181818
1385286.4109589	1555554.2465753	20939.97260274	277911.75342466
1385102.8493151	1555407.4794521	20940	277941.75342466
1385256.6802721	1555609.3877551	20949.632653061	277971.75510204
1384636.5	1555019.8333333	20952	277997.44444444
1386508.8951049	1556916.6713287	20957.79020979	278022.23776224
1386612.794702	1557056.7682119	20964	278047.20529801
1386359.5436242	1556833.4228188	20965.288590604	278075.43624161
1386184.0277778	1556701.3333333	20976	278103.27777778
1386168.4324324	1556718.1621622	20979.972972973	278128.78378378
1386214.2666667	1556800.9066667	20988.293333333	278154.72
1385337.1006711	1555955.3825503	20992	278188.56375839
1384944.3888889	1555592.3888889	20995	278208.05555556
1382665.0140845	1553679.0985915	21005.549295775	278556.53521127
1379155.5918367	1550296.9795918	21008	278671.67346939
1379124.3916084	1550304.5594406	21018.405594406	278685.17482517
1379025.4324324	1550244.972973	21020	278720.02702703
1379099.8095238	1550349.2517007	21028.299319728	278740.78911565
1378918.1517241	1550205.0482759	21036	278765.9862069
1378804.2702703	1550121.7567568	21036	278799.62162162
1379446.6216216	1550801.9459459	21046.702702703	278826.24324324
1378709.1780822	1550106.0273973	21048	278859.7260274
1378819.3103448	1550251.7793103	21052.386206897	278886.8137931
1378674.8843537	1550140.3265306	21060	278909.55102041
1378532.25	1550035.6666667	21060	278938.77777778
1378395.7260274	1549925.0684932	21075.068493151	278950.60273973
1378672.3586207	1550230.537931	21076	278971.72413793
1382721.3866667	1554304.1866667	21080.853333333	278992.21333333
1385363.3557047	1556980.9127517	21088	279028.75167785
1385298.8571429	1556948.5442177	21088	279054.01360544
1385356.5751634	1557047.6078431	21102.745098039	279083.97385621
1385405.28	1557142.72	21104	279129.09333333
1385662.6405229	1557444.2614379	21112.052287582	279154.14379085
1385204.966443	1557028.5637584	21119.973154362	279186.28187919
1385406.1558442	1557254.1558442	21121.948051948	279208.7012987
1385366.1677419	1557269.6258065	21132	279245.21290323
1385364.8157895	1557296.7105263	21132	279274.76315789
1385395.0463576	1557366.1986755	21140.821192053	279298.78145695
1384870.6122449	1556872.7891156	21144	279325.27891156
1384960.9066667	1557002.2666667	21146.24	279355.09333333
1385307.8169935	1557381.8300654	21156	279382.30065359
1385277.12	1557389.5466667	21159.973333333	279418.13333333
1384930.5866667	1557088.2933333	21168.453333333	279447.81333333
1384910.0779221	1557100.7532468	21172	279482.31168831
1385060.6711409	1557271.4362416	21174.228187919	279495.30201342
1384911.0666667	1557171.7066667	21184	279535.12
1384516.9866667	1556813.3333333	21184	279557.44
1384664.3783784	1556998.8108108	21192.648648649	279584.62162162
1384744.3947368	1557104.8421053	21196	279613.05263158
1384304.4155844	1556701.4805195	21202.441558442	279645.66233766
1384845.04	1557285.8666667	21212	279676.37333333
1384662.3376623	1557136.4155844	21212	279706.5974026
1384645.6423841	1557161.1655629	21220.98013245	279737.29801325
1384825.6107383	1557376	21224	279760.4295302
1384763.8947368	1557342.8157895	21226.973684211	279788.55263158
1384227.1052632	1556856.4473684	21236	279827.18421053
1384634.5789474	1557285.8157895	21236	279844.52631579
1384695.7894737	1557397.9473684	21249.342105263	279877.5
1384453.9473684	1557191.7631579	21252	279903.68421053
1384561.6266667	1557326.88	21254.96	279929.65333333
1384361.1543624	1557163.409396	21264	279956.34899329
1384753.5	1557602.7368421	21264	280008.60526316
1384387.0728477	1557266.0662252	21273.854304636	280021.74834437
1384056.295302	1556982.3087248	21276	280060.99328859
1384213.8013245	1557161.4569536	21279.947019868	280089.9602649
1383857.2207792	1556851.6883117	21291.974025974	280114.67532468
1384027.4172185	1557060.9006623	21292	280145.48344371
1383843.52	1556912.08	21302.853333333	280168.10666667
1384237.5424837	1557337.3856209	21304	280199.16339869
1384230.2051282	1557360.0769231	21309.538461538	280218.58974359
1384040.0540541	1557206.2432432	21316	280243.51351351
1383939.4966887	1557145.589404	21316.052980132	280282.38410596
1383880	1557126.0952381	21328	280306.53061224
1383990.4473684	1557280.2105263	21331.973684211	280337.26315789
1383908.2666667	1557225.3333333	21338.693333333	280363.22666667
1384035.6756757	1557388.5675676	21344	280389.91891892
1383726.5165563	1557117.3245033	21345.509933775	280421.9602649
1384072.2091503	1557504.4705882	21356	280454.5620915
1383750.7019868	1557215.1258278	21356	280486.09271523
1383771.6778523	1557263.8926174	21364.67114094	280501.74496644
1383665.4304636	1557193.7218543	21368	280536.34437086
1383885.7748344	1557453.4834437	21374.887417219	280560.87417219
1383605.0201342	1557208.3221477	21384	280587.11409396
1383652.56	1557297.3866667	21384	280621.57333333
1383144.0519481	1556823.5584416	21393.350649351	280647.19480519
1383451.372549	1557180.8627451	21396	280685.30718954
1383394.7019868	1557151.5761589	21399.258278146	280709.16556291
1383642.48	1557436.56	21408	280735.12
1383257.2368421	1557094.6578947	21408	280772.39473684
1383565.1842105	1557448.7631579	21421.921052632	280798.76315789
1383414.7567568	1557318.2432432	21424	280818.81081081
1383351.52	1557291.76	21428.053333333	280848.32
1383195.2582781	1557175.0993377	21436	280879.68211921
1383339.2467532	1557356.7272727	21436	280916.20779221
1383329.0596026	1557381.5364238	21446.860927152	280935.12582781
1383352.130719	1557442.2222222	21448	280970.40522876
1383046.3576159	1557173.3774834	21453.086092715	281001.19205298
1382795.337931	1556968.3310345	21463.972413793	281032.19310345
1383078.0662252	1557275.0463576	21464	281054.0397351
1382727.537415	1556969.7414966	21483.782312925	281080.3537415
1383013.6644295	1557288.5369128	21484	281108.91275168
1382671.3557047	1556988.4563758	21490.44295302	281139.7852349
1382568.3947368	1556921.3947368	21496	281166.18421053
1382929.5733333	1557317.0666667	21496.933333333	281199.36
1382674.5503356	1557100.1879195	21508	281222.44295302
1382544.6258503	1557004.6258503	21511.972789116	281255.34693878
1382262.56	1556757.4933333	21519.36	281279.70666667
1382650.6490066	1557183.8940397	21524	281308.18543046
1382572.1315789	1557142.2894737	21525.578947368	281341.44736842
1382352.3221477	1556958.7919463	21539.973154362	281361.5033557
1382606.2516556	1557222.781457	21540	281371.23178808
1382436.7733333	1557099.7066667	21548.213333333	281403.44
1382500.72	1557197.3066667	21552	281430.82666667
1382740.0533333	1557470.48	21557.946666667	281460.42666667
1382361.0201342	1557153.2885906	21568	281495.51677852
1382141.9586207	1556967.1172414	21568	281523.64137931
1382436.7945205	1557291.0684932	21577.260273973	281546.08219178
1382411.6842105	1557316.1315789	21588	281578.07894737
1382202.1768707	1557132.1632653	21588	281600.70748299
1382344.4533333	1557303.7866667	21595.04	281625.89333333
1381759.7894737	1556757.2105263	21600	281661.47368421
1382199.04	1557232.1066667	21605.173333333	281689.6
1382088.4054054	1557166.7297297	21616	281713.08108108
1380033.2368421	1555134.6842105	21616	284036.39473684
1380019.0133333	1555172.88	21624	284081.52
1379833.0133333	1555023.7066667	21628	284111.54666667
1379593.7837838	1554818.2162162	21629.594594595	284141.94594595
1379708.5228758	1554978.6143791	21640	284174.06535948
1379406.7012987	1554694.987013	21640	284199.42857143
1379321.261745	1554656.5637584	21652.080536913	284224.8590604
1379362.410596	1554727.4701987	21656	284255.97350993
1379247.114094	1554654.6308725	21657.852348993	284294.60402685
1379255.36	1554691.1466667	21668	284308.8
1379325.589404	1554800.5033113	21668	284344.0794702
1379183.7315436	1554692	21676.859060403	284368
1379056.6052632	1554622.2105263	21683.973684211	284408.44736842
1379368.1369863	1554962.9315068	21686.465753425	284435.78082192
1379289.5675676	1554924.1081081	21699.972972973	284459
1379336.4238411	1554994.807947	21700	284485.13907285
1379142.8648649	1554847	21709.081081081	284512.05405405
1379294.5503356	1555026.8993289	21712	284544.16107383
1378990.9261745	1554748.966443	21715.302013423	284571.30201342
1379123.3288591	1554919.3557047	21724	284599.08724832
1379022.9668874	1554856.1589404	21724	284632.10596026
1378754.8456376	1554631.3020134	21734.523489933	284660.37583893
1378899.2876712	1554812.9041096	21739.97260274	284691.20547945
1378511.3931034	1554460.7724138	21757.434482759	284709.90344828
1378897.2517007	1554903.7278912	21776	284749.55102041
1378317.4693878	1554355.5102041	21776.081632653	284776.19047619
1379249.4133333	1555329.68	21788	284803.68
1378497.36	1554619.84	21788	284833.73333333
1378790.0939597	1554940.1342282	21795.489932886	284855.65100671
1378511.9455782	1554694.4217687	21800.489795918	284882.28571429
1378530.0821918	1554739.3424658	21806.191780822	284911.23287671
1378521.414966	1554774.8571429	21816	284933.71428571
1378412.4081633	1554690.0952381	21816	284954.72108844
1378098.3783784	1554405.7027027	21825.972972973	284984.05405405
1378234.4275862	1554591.337931	21828	285021.24137931
1378810.8767123	1555186.2465753	21834	285035.31506849
1378529.0884354	1554947.8639456	21840	285067.51020408
1378357.972973	1554806.5135135	21842.054054054	285089.91891892
1378226.3466667	1554732.8533333	21856	285125.41333333
1377844.3466667	1554385.0933333	21856	285154.98666667
1377560.5205479	1554132.3835616	21863.97260274	285183.45205479
1377971.1506849	1554574.7123288	21868	285204.95890411
1378067.6190476	1554705.877551	21870.829931973	285228.3537415
1378084.8266667	1554765.9466667	21880	285266.93333333
1377109.5616438	1553816.9589041	21880	285290.87671233
1375972.2222222	1552714.5	21890.722222222	285326.22222222
1375557.3333333	1552331.6944444	21896	285332.69444444
1374552.028169	1551368.4225352	21900.873239437	285362.90140845
1374237.6223776	1551099.3846154	21908	285398.12587413
1374375.5804196	1551260.7272727	21908	285414.34965035
1374619.0140845	1551542.6760563	21919.915492958	285436.76056338
1374498.1408451	1551446.4788732	21920	285467.85915493
1374955.3055556	1551929.3333333	21926.166666667	285493.02777778
1375234.7210884	1552243.292517	21932.462585034	285512.29931973
1375169.1586207	1552217.6551724	21936.248275862	285540.05517241
1375370.5454545	1552443.2167832	21948	285568.86713287
1375406.109589	1552515.6986301	21948	285587.17808219
1375499.1172414	1552646.3448276	21955.117241379	285618.62068966
1375340.0285714	1552519.0571429	21960	285640.57142857
1375047.5833333	1552254.6111111	21963.472222222	285665.63888889
1375368.3356643	1552607.3566434	21972	285694.18181818
1375041.6275862	1552308.3310345	21972.468965517	285710.64827586
1375435.7517241	1552752.4689655	21987.062068966	285739.17241379
1375630.2972973	1552971.5405405	21988	285763.75675676
1375986.8055556	1553359.8888889	21993.333333333	285793.44444444
1375304.1126761	1552711.0985915	22000	285818.70422535
1375494.7862069	1552934.1517241	22000	285841.13103448
1377644.3537415	1555116.8979592	22011.918367347	285866.96598639
1378111.1733333	1555628.56	22012	285907.44
1378109.6688742	1555657.192053	22019.470198675	285924.29139073
1378062	1555651.5890411	22031.97260274	285953.09589041
1378228.9863014	1555835.3150685	22033.945205479	285962.35616438
1377948.0794702	1555591.1788079	22044	285985.19205298
1377985.6326531	1555672.707483	22044	286025.57823129
1377894.9041096	1555613.2876712	22053.342465753	286051.80821918
1377703.8630137	1555456.7671233	22056	286079.06849315
1377880.8533333	1555660.48	22059.333333333	286097.68
1377757.4068966	1555575.6413793	22068.496551724	286138.31724138
1377760.7945205	1555604.8219178	22072	286148.84931507
1377885.1388889	1555761.9166667	22082.416666667	286169.22222222
1377196.7346939	1555101.414966	22084	286196.29931973
1377736.4054054	1555676.6486486	22088.783783784	286217.48648649
1377935.369863	1555922.630137	22096	286256.05479452
1377869.2162162	1555881	22096	286281.43243243
1377579.5945946	1555638.0810811	22107.837837838	286316.78378378
1377699.0344828	1555786.0137931	22108.44137931	286338.59310345
1377810.6122449	1555927.0204082	22117.959183673	286356.32653061
1377089.7931034	1555252.5793103	22124	286395.28275862
1377715.2	1555909.1310345	22124.331034483	286423.75172414
1377278.5479452	1555529.6986301	22160.657534247	286437.64383562
1377605.7222222	1555899.1111111	22172	286468.11111111
1377648.1944444	1555962.5	22174.75	286486.19444444
1377358.8027211	1555719.755102	22184	286514.31292517
1377557.0482759	1555944.0551724	22184.44137931	286540.27586207
1376819.2054795	1555261.1506849	22197.863013699	286581.67123288
1376833.9863946	1555303.755102	22200	286599.70068027
1377361.3783784	1555863.8918919	22204.27027027	286627.02702703
1377161.3424658	1555705.1232877	22212	286661.09589041
1376961.3513514	1555527.2162162	22212	286680.05405405
1376967.2328767	1555582.8219178	22223.589041096	286712.08219178
1377028.7619048	1555670.0136054	22224	286732.89795918
1376808.109589	1555478.4931507	22230.383561644	286758.73972603
1377476.2416107	1556183.6241611	22240	286795.24832215
1377064.8493151	1555802.109589	22240.630136986	286818.65753425
1376924.6133333	1555710.1333333	22252	286843.57333333
1376539.4285714	1555359.2380952	22252	286878.06802721
1377087.8666667	1555942.16	22259.04	286898
1376734.72	1555628.72	22264	286932.37333333
1376209.4896552	1555133.4344828	22264.662068966	286959.97241379
1376794.1517241	1555753.3241379	22276.468965517	286981.04827586
1376557.4520548	1555546.4931507	22280	287007.06849315
1376861.1466667	1555881.36	22287.093333333	287026.16
1376542.9261745	1555611.3557047	22292	287064.05369128
1376440.2176871	1555523.5646259	22293.360544218	287074.72108844
1376463.8095238	1555589.9319728	22304	287106.7755102
1376127.7006803	1555284.3265306	22304	287130.6122449
1376336.5369128	1555536.2416107	22312.026845638	287166.68456376
1376321.2222222	1555545.0555556	22316.472222222	287189.33333333
1376029.9047619	1555293.2244898	22321.959183673	287213.33333333
1375855.0810811	1555163.2432432	22332	287248.75675676
1376559.6438356	1555904.1369863	22332	287281.47945205
1376225.6216216	1555599.3243243	22341.297297297	287302.02702703
1376068.0551724	1555479.6965517	22353.765517241	287335.97241379
1376111.1232877	1555575.4246575	22380	287346.57534247
1376235.6137931	1555719.062069	22380	287371.88965517
1376107.5890411	1555635.2876712	22390.273972603	287400.19178082
1376255.4758621	1555817.3793103	22395.972413793	287419.80689655
1375710	1555296.0533333	22400.533333333	287445.36
1376157.7333333	1555784.0266667	22408	287479.28
1376061.0133333	1555724.96	22408	287509.01333333
1376182.1666667	1555885.4444444	22419.916666667	287530.41666667
1375900.6530612	1555630.8027211	22420	287562.39455782
1375916.6711409	1555682.6577181	22426.362416107	287583.43624161
1375167.7823129	1554975.0204082	22432	287623.45578231
1375250.4533333	1555092.1066667	22436.746666667	287645.46666667
1375745.7260274	1555630.2191781	22448	287667.56164384
1375834.6758621	1555746.9241379	22448	287693.02068966
1375813.4864865	1555759.2432432	22455.837837838	287720.40540541
1375904.3489933	1555878.3624161	22460	287756.10738255
1375669.9452055	1555688.7945205	22462.547945205	287785.47945205
1375565.5068493	1555621.2054795	22472	287805.91780822
1375719.1081081	1555802.4594595	22472	287831.78378378
1375738.8993289	1555847.2751678	22485.44966443	287845.55704698
1375647.4933333	1555810.96	22488	287885.09333333
1375488.4931507	1555677.9178082	22492.02739726	287911.83561644
1375460.7346939	1555691.7006803	22500	287955.23809524
1375506.2312925	1555771.2653061	22500	287985.00680272
1375461.5099338	1555760.1589404	22510.80794702	288000.26490066
1375556.3537415	1555893.0068027	22512	288028.8707483
1375365.2517007	1555730.122449	22517.06122449	288053.30612245
1375243.062069	1555657.9034483	22527.972413793	288091.64137931
1375306.147651	1555735.6510067	22528	288109.55704698
1375267.1788079	1555737.4304636	22539.841059603	288133.03311258
1375297.5510204	1555802.3945578	22540	288173.60544218
1374889.7808219	1555431.6438356	22546.328767123	288192.52054795
1375088.1610738	1555648.4026846	22552	288200.2147651
1375143.8378378	1555746.0540541	22552.540540541	288232.97297297
1375048.2432432	1555687.5945946	22564	288262.72972973
1375045.4054054	1555715.5135135	22567.972972973	288287.54054054
1374893.2266667	1555607.4933333	22575.253333333	288325.36
1375328.16	1556080.16	22580	288350.93333333
1375081.52	1555859.28	22580.773333333	288374.88
1375062.9281046	1555885.6732026	22592	288409.90849673
1374983.6578947	1555826.3421053	22592	288431.84210526
1374996.0261438	1555884.1830065	22599.607843137	288460.33986928
1374189.0958904	1555123.0136986	22604	288494.87671233
1374523.369863	1555475.8082192	22610.109589041	288521.83561644
1374589.9319728	1555589.9319728	22620	288545.85034014
1374603.6291391	1555643.3112583	22620	288576
1374383.6533333	1555459.7866667	22628.56	288609.14666667
1374562.48	1555668.0533333	22632	288629.41333333
1374179.8926174	1555321.0738255	22634.577181208	288661.69127517
1374202.6308725	1555396.9932886	22644	288694.81879195
1374462.16	1555683.7866667	22644	288724.8
1374355.9731544	1555617.9060403	22656.993288591	288749.0738255
1374673.3333333	1555967.292517	22660	288776.73469388
1374492.4503311	1555823.3112583	22662.463576159	288803.94701987
1374101.0738255	1555465.3691275	22672	288827.1409396
1374240.0789474	1555644.7631579	22672	288868.97368421
1374300.5170068	1555749.1428571	22681.142857143	288893.55102041
1374219.5646259	1555697.6598639	22684	288934.0952381
1374216.2739726	1555732.2191781	22687.534246575	288951.56164384
1374255.4864865	1555806.972973	22699.972972973	288978.18918919
1374315.4594595	1555893.3243243	22700	289010.32432432
1373748.5675676	1555362.5945946	22710.459459459	289027.13513514
1374057.7837838	1555712.7297297	22712	289059.24324324
1374492.1360544	1556180.462585	22718.421768707	289082.93877551
1373959.3557047	1555673.9865772	22724	289090.44295302
1374124.4563758	1555886.4697987	22726.899328859	289140.4295302
1373996.1333333	1555788.2133333	22736	289165.97333333
1373737.5945946	1555569.4864865	22739.972972973	289200.48648649
1373785.1506849	1555672.1643836	22750.849315068	289232.60273973
1374050.9530201	1555951.4362416	22752	289252.13422819
1373697.2080537	1555660.0536913	22772.590604027	289286.36241611
1373633.0958904	1555653.3972603	22788	289320.71232877
1373573.9189189	1555622.4864865	22789.378378378	289347.37837838
1373769.4421769	1555856.6802721	22800	289374.17687075
1373574.2894737	1555692.8947368	22800.473684211	289393.52631579
1373683.7315436	1555840.5369128	22812.67114094	289426.65771812
1373500.1081081	1555691.3783784	22816	289461.32432432
1372846.027027	1555075.5945946	22818.837837838	289492.27027027
1373356.5442177	1555625.7959184	22828	289519.37414966
1373376.1315789	1555668.8421053	22828	289539.60526316
1373598.7837838	1555933.7027027	22838.189189189	289580.94594595
1372920.7297297	1555287.027027	22840	289596.24324324
1373297.9597315	1555694.8187919	22845.020134228	289624.48322148
1373468.8741722	1555906.0662252	22856	289662.0397351
1373300.8053691	1555772.8322148	22856	289682.79194631
1373253.3245033	1555774.8609272	22867.761589404	289715.57615894
1373260.7417219	1555814.1456954	22868	289745.21854305
1372924.1879195	1555521.9597315	22876.375838926	289776.32214765
1372810.1496599	1555441.5782313	22880	289806.23129252
1373279.0136986	1555938.2465753	22882.95890411	289838.54794521
1372866.3624161	1555557.1006711	22892.456375839	289851.27516779
1372887.3243243	1555609.3513514	22896	289877.13513514
1372889.4228188	1555657.8791946	22906.228187919	289908.29530201
1373169.9591837	1555977.2789116	22908	289936.70748299
1373011.4482759	1555846.5931034	22912.634482759	289962.48275862
1372933.7534247	1555810.0547945	22920	289997.42465753
1372955.5167785	1555858.738255	22920	290017.04697987
1372794.8648649	1555745.9189189	22931.405405405	290047.37837838
1372625.9060403	1555609.1812081	22932.456375839	290079.51677852
1372600.0794702	1555624.2913907	22941.456953642	290103.9205298
1372657.4520548	1555718.0547945	22948	290134.84931507
1372936.1931034	1556034.5103448	22948	290173.15862069
1372389.0340136	1555520.8979592	22959.918367347	290190.04081633
1372214.72	1555381.5466667	22960	290221.01333333
1372376.0268456	1555581.4765101	22966.013422819	290252.24161074
1372546.585034	1555788.0816327	22972	290274.93877551
1372881.1733333	1556144.7733333	22972.773333333	290304.26666667
1372384.590604	1555698.6040268	22988	290336.8590604
1372448.3809524	1555794.6666667	22988	290363.91836735
1372935.3157895	1556321.7105263	22995.263157895	290395.31578947
1372177.5302013	1555592.1342282	23000	290416.96644295
1372479.04	1555930.96	23001.44	290448.02666667
1372240.0540541	1555736.1891892	23012	290479.51351351
1372392.6849315	1555920.0547945	23012	290505.28767123
1372210.7105263	1555768.4473684	23020.605263158	290521.84210526
1371797.1764706	1555389.7254902	23028	290552.83660131
1371352.7619048	1554959.047619	23030.448979592	290565.27891156
1371590.3287671	1555245.8630137	23040	290595.17808219
1371472.2666667	1555157.84	23040	290619.94666667
1372077.8807947	1555806.0397351	23049.350993377	290649.29801325
1371431.205298	1555184.7682119	23052	290675.44370861
1371894.7837838	1555684.7837838	23055.783783784	290702.32432432
1372186.9866667	1556015.3066667	23064.453333333	290730.24
1371919.033557	1555780.590604	23068	290755.70469799
1371741.5405405	1555641.5945946	23078.945945946	290782.54054054
1371769.8133333	1555707.2266667	23080	290811.89333333
1371873.7894737	1555853.2105263	23084.473684211	290846
1371591.7124183	1555614.6928105	23092	290885.01960784
1371837.7483444	1555899.7350993	23092	290916.02649007
1371241.2348993	1555325.7449664	23102.953020134	290936.2147651
1371654.8	1555785.6533333	23104.453333333	290969.30666667
1371134.0533333	1555300.8	23113.2	290999.17333333
1371163.4630872	1555370.8456376	23120	291031.08724832
1371441.7333333	1555680.24	23120	291060.29333333
1371302.0402685	1555574.4697987	23131.597315436	291074.25503356
1371373.2972973	1555685.1621622	23132	291121.21621622
1371164.7516779	1555508.3221477	23137.154362416	291136.53691275
1370970.5263158	1555360.1052632	23144	291181.07894737
1371215.2972973	1555635.7567568	23144.459459459	291198.05405405
1371007.4864865	1555466.4324324	23159.918918919	291231.54054054
1371327.0684932	1555821.5616438	23160	291257.5890411
1371357.9863946	1555879.4557823	23166.340136054	291277.60544218
1371012.1879195	1555576.1610738	23172	291316.88590604
1370641.3783784	1555238.4324324	23172.621621622	291341.67567568
1371255.7631579	1555902.5263158	23184	291369.05263158
1371044.3809524	1555706.3401361	23184	291388.70748299
1370811.369863	1555518.9863014	23191.945205479	291419.26027397
1370990.6308725	1555731.2751678	23200	291449.71812081
1370961.0612245	1555735.2653061	23201.469387755	291487.29251701
1371026.1517241	1555849.7931034	23212	291518.20689655
1370978.2550336	1555831.704698	23212	291536.13422819
1370900.2176871	1555782.4489796	23220.081632653	291557.52380952
1371138.6122449	1556066.7482993	23224	291598.6122449
1370615.537415	1555574.9931973	23226.448979592	291623.02040816
1370685.6578947	1555693.3157895	23236.473684211	291651.47368421
1370657.1655629	1555694.1986755	23240	291679.97350993
1370525.2432432	1555590.5945946	23249.486486486	291696.67567568
1370363.5436242	1555471.1409396	23252	291732.02684564
1370581.2244898	1555703.6462585	23256	291745.41496599
1370722.738255	1555894.4966443	23264	291786.09395973
1370314.8421053	1555516.3157895	23264	291813.44736842
1370439.1788079	1555684.9536424	23275.443708609	291834.1192053
1370456.32	1555737.04	23276.48	291867.94666667
1370386.8108108	1555700.027027	23286	291890.91891892
1370480.5405405	1555837.3783784	23292	291921.35135135
1370250.8609272	1555641.5099338	23292.291390728	291955.86754967
1370326.7466667	1555762.6133333	23304	291991.38666667
1370185.7181208	1555646.2281879	23304	292010.38926174
1370032.5714286	1555532.952381	23311.183673469	292042.99319728
1369966.6666667	1555502.4266667	23316	292072.69333333
1369481.0666667	1555045.7333333	23320.533333333	292089.73333333
1369989.9591837	1555600.7346939	23332	292126.63945578
1370090.3287671	1555734.1917808	23332	292155.15068493
1370085.3691275	1555763.114094	23340.10738255	292176.51006711
1369959.4324324	1555669.7027027	23344	292205.91891892
1369457.7027027	1555196.2162162	23345.837837838	292231.81081081
1369837.7534247	1555619.2328767	23356	292266.76712329
1369623.2483221	1555431.1946309	23356	292289.53020134
1369567.4482759	1555423.337931	23365.406896552	292320.99310345
1370111.4794521	1555991.5342466	23372	292337.94520548
1370063.1946309	1555980.7516779	23375.22147651	292368.51006711
1369715.1891892	1555677.4054054	23384	292402.10810811
1369570.8456376	1555574.3892617	23384	292437.47651007
1369656.4689655	1555688.1931034	23394.013793103	292456.46896552
1369675.8648649	1555739.6756757	23396	292482.56756757
1370221.7260274	1556310.0273973	23400.109589041	292505.20547945
1369812.3537415	1555942.6122449	23408.979591837	292537.63265306
1369648.6756757	1555825.2162162	23416	292572.81081081
1369239.9183673	1555446.1496599	23426.612244898	292582.82993197
1369286.6578947	1555534.1052632	23428	292621.23684211
1369471.7315436	1555743.1409396	23432.348993289	292647.03355705
1369364.295302	1555685.0201342	23440	292680.48322148
1369288.2933333	1555647.6533333	23440	292712.72
1369300.5986395	1555699.8095238	23450.775510204	292741.11564626
1368687.704698	1555112.7248322	23452.456375839	292763.65100671
1369121.7142857	1555593.9480519	23460.597402597	292798.62337662
1369126.2933333	1555634.1333333	23468	292829.14666667
1369037.877551	1555575.1836735	23468	292856.29931973
1368652.5333333	1555233.8933333	23479.52	292885.30666667
1368800.3243243	1555407.1081081	23480	292909
1369022.1699346	1555648.2352941	23485.411764706	292921.83006536
1368886.6938776	1555550.4489796	23492	292949.03401361
1368827.6137931	1555542.6758621	23492.468965517	292987.91724138
1369095.8648649	1555837.027027	23507.918918919	293004.02702703
1369015.5616438	1555786	23508	293032.08219178
1368426.8965517	1555228.5241379	23514.455172414	293062.56551724
1368670.4052288	1555516.6535948	23520	293084.96732026
1368729.7959184	1555598.2585034	23520.816326531	293110.96598639
1368607.4580645	1555519.9225806	23532	293140.43870968
1368539.5466667	1555485.8933333	23532	293172.48
1369171.027027	1556153.0540541	23540.054054054	293194.83783784
1368604.2972973	1555623.7297297	23548	293229.24324324
1368696.8648649	1555745.7567568	23549.702702703	293249.64864865
1368502.2857143	1555604.4081633	23560	293282.85714286
1368592.7785235	1555728.1342282	23560	293313.66442953
1368471.6556291	1555651.7086093	23569.139072848	293348.68874172
1368698.147651	1555910.0939597	23572	293378.55033557
1368722.6394558	1555964.8163265	23576.299319728	293399.83673469
1368989.3513514	1556269.9189189	23584.486486486	293429.64864865
1368141.6	1555459.2266667	23588	293461.68
1368243.0810811	1555596.1891892	23599.918918919	293480.45945946
1368190.64	1555582.88	23600	293520.88
1368194.0540541	1555617.6216216	23606	293546.05405405
1368609.8648649	1556087.6756757	23612	293584.75675676
1368168.1333333	1555669.0666667	23612.24	293603.09333333
1368279.3020134	1555820.0536913	23624	293629.2885906
1367979.8082192	1555558.9041096	23624.465753425	293660.84931507
1368041.4965986	1555655.5102041	23634.666666667	293684.95238095
1367658.4489796	1555310.7210884	23640	293721.71428571
1367832.9006623	1555510.9139073	23640.238410596	293743.7615894
1367864.4768212	1555591.6291391	23652	293778.94039735
1368174.8	1555935.12	23652	293805.94666667
1367984.4295302	1555771.0604027	23658.684563758	293823.62416107
1367795.5167785	1555626.2818792	23664	293864.8590604
1367738.6122449	1555598.9115646	23665.823129252	293888.48979592
1368017.2789116	1555933.9863946	23680	293923.37414966
1367700.4413793	1555645.7103448	23680	293948.68965517
1367787.0540541	1555766.1351351	23689.378378378	293970.75675676
1367736.5135135	1555750.027027	23692	294002.02702703
1367771.6944444	1555817.5	23697.638888889	294025.80555556
1367267.0540541	1555345.8918919	23704	294053.05405405
1367545.8231293	1555652.9251701	23704.054421769	294082.93877551
1367917.6912752	1556051.3020134	23716.483221477	294091.86577181
1367497.4594595	1555662.6216216	23720	294112.54054054
1367346.3013699	1555556.3287671	23727.643835616	294150.60273973
1367214.8378378	1555456.3243243	23732	294186.86486486
1367002.0408163	1555280.6258503	23734.013605442	294213.17006803
1367158.2702703	1555470.4594595	23744	294232.83783784
1367068.1904762	1555412.6258503	23744	294255.80952381
1367360.4931507	1555748.1369863	23753.04109589	294295.31506849
1367188.3489933	1555606.4966443	23756.456375839	294318.89932886
1366911.8648649	1555369.2432432	23763.081081081	294343.35135135
1366912.3835616	1555410.6027397	23772	294380.08219178
1367685.3061224	1556204.8707483	23772	294398.34013605
1366983.9189189	1555551.1081081	23781.702702703	294434.43243243
1367123.2108844	1555733.3333333	23784	294462.63945578
1366997.1621622	1555636.6216216	23788.135135135	294492.51351351
1366920.9315068	1555592.7123288	23796	294514.52054795
1366884.4353741	1555585.9047619	23796.462585034	294541.44217687
1366946.0136054	1555697.0340136	23810.911564626	294573.14285714
1366847.4594595	1555631.7297297	23812	294602.2972973
1366819.8356164	1555643.5068493	23817.506849315	294625.47945205
1366757.3877551	1555605.4693878	23824	294646.6122449
1366521.260274	1555410.5753425	23824.410958904	294679.69863014
1366921.0068027	1555846.7482993	23836	294708.3537415
1366669.2789116	1555634.2040816	23836	294736.68027211
1366229.0810811	1555235.5135135	23843.918918919	294773.97297297
1366129.9726027	1555171.7808219	23852	294798.43835616
1366360.5170068	1555423.5918367	23853.306122449	294820.3537415
1366435.9459459	1555545.1891892	23864	294844.18918919
1366705.6644295	1555851.6510067	23864	294873.47651007
1366516.6933333	1555696.7466667	23872.373333333	294903.73333333
1366368.2384106	1555584.3708609	23876	294934.80794702
1366684.5066667	1555934.4	23878.4	294961.92
1366317.4496644	1555614.1744966	23888.483221477	294993.82550336
1366330.0397351	1555647.8675497	23895.973509934	295010.88741722
1365805.3333333	1555178.2857143	23908.925170068	295050.28571429
1366428.9251701	1555840.3537415	23912	295075.29251701
1365997.9319728	1555442.2312925	23915.428571429	295102.55782313
1366220	1555707.7567568	23924	295142.48648649
1365884.9795918	1555402.9387755	23924	295167.10204082
1366032.3783784	1555588.2432432	23934.216216216	295199.48648649
1365817.8108108	1555410.2162162	23936.486486486	295227.78378378
1365635.1788079	1555267.3377483	23944.370860927	295256.87417219
1366069.170068	1555716.0816327	23952	295264.27210884
1365934.7567568	1555613.5675676	23952	295294.62162162
1365907.4758621	1555632.6896552	23962.896551724	295319.22758621
1365599.890411	1555348.739726	23964	295346.21917808
1365763.6778523	1555537.1543624	23968.483221477	295364.34899329
1365544.3660131	1555370.7189542	23976	295403.94771242
1365789.620915	1555649.7777778	23976.470588235	295433.93464052
1365732.7297297	1555635.2432432	23990.621621622	295456.94594595
1365802.109589	1555729.7808219	23992	295495.23287671
1365723.9183673	1555676.9251701	23996.299319728	295509.14285714
1365501.5172414	1555505.1586207	24004	295541.46206897
1365543.3825503	1555562.3892617	24004	295563.3557047
1365103.2328767	1555170.4657534	24014.246575342	295589.8630137
1365292.7733333	1555391.6533333	24019.973333333	295620.64
1364980.1655172	1555114.8413793	24023.944827586	295659.47586207
1365260.1369863	1555439.2328767	24036	295669.01369863
1365377.6326531	1555592.9251701	24036	295711.31972789
1365383.6666667	1555630.1111111	24045.916666667	295722.13888889
1365134.5306122	1555407.8911565	24048	295753.19727891
1365433.2137931	1555744.4689655	24051.724137931	295776.27586207
1365509.4864865	1555856.0540541	24060	295806.18918919
1365006.4900662	1555388.2649007	24060	295843.52317881
1365186.6756757	1555614.4324324	24070.918918919	295865.67567568
1365136.4054054	1555600.3243243	24076	295898.05405405
1364957.4594595	1555442.5675676	24079.783783784	295919.72972973
1365051.7793103	1555583.7793103	24088	295955.17241379
1364998.0547945	1555570.4383562	24088	295979.97260274
1364836.590604	1555447.6778523	24098.201342282	296015.38255034
1364599.0604027	1555228.6711409	24100	296032.6442953
1364909.2054795	1555570.1369863	24108.164383562	296060.38356164
1364874.5066667	1555581.5733333	24116.453333333	296099.78666667
1364447.5496689	1555189.192053	24120	296126.06622517
1364662.3448276	1555434.6758621	24131.337931034	296137.79310345
1364354.2857143	1555167.3741497	24132	296168.76190476
1364724.3733333	1555575.2533333	24136.96	296197.73333333
1364621.414966	1555510.8843537	24144	296225.95918367
1364712.4931507	1555628.2739726	24144	296254
1364648	1555602.6482759	24155.751724138	296273.65517241
1364753.8630137	1555746.7123288	24156.493150685	296301.31506849
1364408.4109589	1555426.1643836	24166	296322.82191781
1364296.5793103	1555357.8482759	24172	296356.8
