1555615.7733333	1565748.1733333	15472	122805.52
1556220.8627451	1566523.2470588	15472	122920.09411765
1554620.7808765	1564982.8366534	15484	122972.38247012
1554785.4193548	1565195.3064516	15484	123004.56451613
1551294.8049793	1561756.9626556	15493.294605809	123049.49377593
1551238.9421488	1561753.0743802	15496	123093.85123967
1550866.5158371	1561439.0588235	15502.624434389	123138.26244344
1550623.1390135	1561250.5829596	15508	123178.08071749
1550510.7677725	1561178.6350711	15511.81042654	123226.65402844
1549897.9130435	1560622.7246377	15520	123260.92753623
1549638.5346535	1560407.9405941	15520.653465347	123305.92079208
1549512.6990291	1560325.6504854	15532	123340.01941748
1549529.8350515	1560396.9690722	15532	123383.48453608
1548985.7801047	1559905.1937173	15542.806282723	123420.71204188
1549476.0648649	1560436.2810811	15544	123451.82702703
1548584.3060109	1559585.420765	15550.557377049	123485.1147541
1549221.6086957	1560266.5652174	15556	123523.73913043
1548341.1885714	1559427.5885714	15559.36	123559.40571429
1549423.956044	1560549.010989	15568	123595.27472527
1548783.2044199	1559950.6961326	15568.70718232	123629.48066298
1548831.2648649	1560051.8486486	15580	123668.77837838
1548684.8636364	1559948.6363636	15580	123709.56818182
1548578.8222222	1559891.8666667	15590.6	123738.26666667
1548465.4482759	1559817.9310345	15592	123773.1954023
1549233.220339	1560632.4293785	15599.796610169	123816.29378531
1548096.8813559	1559540.3389831	15604	123849.96610169
1548885.6888889	1560373.3777778	15608.377777778	123877.75555556
1548719.5402299	1560252.3218391	15616	123916.45977011
1548882.2099448	1560452.2651934	15617.436464088	123950.38674033
1548356.2033898	1559976.7683616	15628	123982.80225989
1549339.6666667	1561007.3777778	15628	124027.95555556
1548742.247191	1560455.4382022	15638.966292135	124057.64044944
1548632.7294118	1560404.7058824	15640	124110.44705882
1548624.9371429	1560429.4171429	15647.337142857	124127.36
1548584.4418605	1560432.4186047	15652	124174.3255814
1548401.4712644	1560281.8850575	15655.83908046	124197.90804598
1548236.1149425	1560168.9195402	15664	124238.71264368
1547812.4044944	1559772.9662921	15664	124262.08988764
1547126.972067	1559150.1899441	15675.329608939	124312.80446927
1548170.4597701	1560218.6436782	15676	124335.01149425
1547754.8275862	1559843.7701149	15682.413793103	124360.29885057
1547967.1345029	1560115.5087719	15688	124401.07602339
1547421.908046	1559599.3563218	15691.08045977	124432.89655172
1548013.7206704	1560226.1452514	15700	124457.22905028
1547746.1348315	1560001.1685393	15700.606741573	124492
1548192.5842697	1560511.3707865	15712	124535.57303371
1547127.3063584	1559482.265896	15712	124575.72254335
1547984.2681564	1560384.2234637	15722.659217877	124605.65363128
1547776.2259887	1560217.1751412	15724	124639.81920904
1547177.9090909	1559664.25	15732.568181818	124670.97727273
1547003.480226	1559524.2485876	15736	124711.3220339
1547387.9772727	1559958.0681818	15740.772727273	124745.02272727
1547120.4090909	1559736.7045455	15748	124782.22727273
1547081.2183908	1559738.4827586	15749.931034483	124818.85057471
1547171.4065934	1559888.9450549	15760	124860.3956044
1547312.4519774	1560064.3615819	15760	124897.24293785
1547349.4301676	1560147.575419	15772	124934.36871508
1546992.0710059	1559837.6094675	15772	124968.68639053
1546892.7821229	1559781.9441341	15781.452513966	124998.25698324
1547416.3409091	1560346.5227273	15784	125029.56818182
1547784.7868852	1560762.4699454	15791.387978142	125075.08196721
1546764.4571429	1559786.56	15796	125105.66857143
1547292.5423729	1560351.6158192	15800.858757062	125128.65536723
1547505.2727273	1560607.3409091	15808	125172.40909091
1547349.3333333	1560502.9195402	15810.252873563	125210.22988506
1546887.4514286	1560083.68	15820	125245.41714286
1547328.2543353	1560557.5260116	15820	125278.12716763
1546613.2413793	1559891.7701149	15831.977011494	125315.49425287
1547038.8023952	1560360.3353293	15832	125350.34730539
1547287.3882353	1560639.9529412	15840.658823529	125371.52941176
1547836.1403509	1561239.6023392	15844	125412.42105263
1546871.2413793	1560307.4482759	15849.931034483	125438.73563218
1547136.5121951	1560616.0731707	15856	125470.31707317
1547161.2865497	1560679.4853801	15858.245614035	125505.8245614
1547234.9176471	1560808.6588235	15868	125542.61176471
1547056.7771429	1560659.8171429	15868	125573.28
1546495.6363636	1560152.0727273	15880	125606.98181818
1546857.9529412	1560551.5764706	15880	125641.31764706
1546477.816092	1560219.7701149	15886.965517241	125677.03448276
1546488.5882353	1560268.9411765	15892	125708.58823529
1546149.0502793	1559970.6368715	15892.51396648	125746.90502793
1546876.2891566	1560739.2771084	15904	125774.09638554
1547026.7065868	1560923.6167665	15904	125798.77844311
1546709.1976048	1560652.9341317	15913.053892216	125835.54491018
1548501.1449275	1564480.6086957	16120	127665.46376812
1547865.1187739	1563884.1685824	16120	127701.4559387
1547547.2209738	1563619.1460674	16131.176029963	127735.16104869
1546997.4342629	1563140.4940239	16132	127793.30677291
1546820.0829876	1563013.3775934	16141.543568465	127834.2406639
1547243.4710744	1563492.0826446	16144	127881.63636364
1546051.3333333	1562357.042735	16151.897435897	127921.5042735
1546740.921659	1563092.3686636	16156	127961.95391705
1546460.4423963	1562861.3456221	16162.359447005	127997.80645161
1547914.2697674	1564500.2604651	16300	128041.48837209
1545890.4454976	1562525.3080569	16305.516587678	128082.18009479
1545582.4285714	1562277.8367347	16312	128133.12244898
1545128.4307692	1561859.7538462	16315.138461538	128162.31794872
1544954.0204082	1561728.7346939	16324	128199.55102041
1544914.1	1561730.62	16326.52	128233.32
1544606.0773481	1561472.839779	16336	128272.70718232
1544925.2459016	1561832.4153005	16336.524590164	128304.28415301
1544955.2527473	1561913.1868132	16348	128340.04395604
1545035.6649215	1562041.5706806	16348	128390.32460733
1544636.5617978	1561692.0224719	16360	128423.34831461
1544824.0223464	1561922.6592179	16360	128461.0726257
1544932.2594595	1562077.0378378	16369.989189189	128490.50810811
1544446.8297872	1561636.2978723	16372	128526.04255319
1544448.7597765	1561687.5977654	16380.960893855	128568.93854749
1544870.8351648	1562158.1978022	16384	128607.71428571
1544513.8924731	1561850.1935484	16391.268817204	128648.27956989
1544421.0666667	1561797.7111111	16396	128676.51111111
1543979.8907104	1561404.1967213	16400.240437158	128719.14754098
1543718.9111111	1561184.6	16408	128750.04444444
1544429.3551913	1561934.0546448	16410.295081967	128782.5136612
1544221.9130435	1561780.5869565	16420	128826.39130435
1544611.1521739	1562224.6304348	16422.282608696	128874.84782609
1544414.5	1562074.9318182	16432	128909.95454545
1544292.8863636	1561981.75	16432	128934.15909091
1544334.7173913	1562077.6521739	16444	128971.2826087
1543664.0454545	1561454.0681818	16444	129015.63636364
1544194.4347826	1562027.9347826	16454.608695652	129043.58695652
1544542.5287356	1562418.3448276	16456	129086.29885057
1543619.3220339	1561535.2542373	16465.559322034	129111.93220339
1544605.372093	1562571.9767442	16468	129158.04651163
1543732.9940828	1561743.0295858	16474.106508876	129187.07692308
1543791.4152047	1561846.7602339	16480	129221.96491228
1542840.1787709	1560926.7709497	16483.553072626	129252.7150838
1543958.7692308	1562093.8461538	16492	129279.84615385
1542856.3756906	1561038.5856354	16493.922651934	129324.53038674
1543144.1304348	1561363.8043478	16504	129351.86956522
1543011.2359551	1561271.505618	16504.674157303	129387.73033708
1543583.6818182	1561897.5909091	16516	129423.15909091
1543395.4696133	1561745.5248619	16516	129462.07734807
1543172.1818182	1561568.25	16526.909090909	129490.97727273
1543264.4772727	1561709.5454545	16528	129536.47727273
1543381.0165746	1561871.8674033	16536.198895028	129574.36464088
1543713.8695652	1562253.173913	16540	129608.58695652
1543332.8735632	1561921.3103448	16546.620689655	129649.03448276
1542999.2134831	1561619.5730337	16552	129673.93258427
1543313.2	1561982.5777778	16557.066666667	129716.86666667
1543617.1675676	1562331.1567568	16564	129748.77837838
1542952.8863636	1561708.5681818	16567.954545455	129787.25
1542603	1561408.173913	16576	129823.32608696
1542686.6815642	1561524.6256983	16578.681564246	129853.54189944
1543098.4301075	1562002.4301075	16588	129900.21505376
1542821.5953757	1561763.3063584	16589.317919075	129934.56647399
1543070.0111732	1562058.726257	16600	129961.7877095
1542980.9617486	1562010.4699454	16600.196721311	129999.6284153
1542493.8378378	1561575.3513514	16612	130037.01621622
1542781.8971429	1561903.1542857	16612	130078.10285714
1543094.4632768	1562273.1977401	16623.525423729	130110.80225989
1542784.5875706	1561989.9435028	16624	130142.96045198
1542639.801105	1561897.7900552	16634.209944751	130177.39226519
1542844.9385475	1562148.5810056	16636	130217.40782123
1542390.4666667	1561749.3555556	16644.866666667	130254.6
1542385.7727273	1561786.4090909	16648	130293.22727273
1542588.3076923	1562030.8402367	16653.088757396	130325.79881657
1542975.0982659	1562464	16660	130364.62427746
1542689.5294118	1562208.0705882	16661.835294118	130391.62352941
1543221.4418605	1562790.1162791	16672	130424.34883721
1542885.2114286	1562488.4571429	16672.205714286	130456.89142857
1543331.3571429	1562986	16684	130489.26190476
1543027.4117647	1562708.6588235	16684	130519.64705882
1543101.9302326	1562830.4418605	16694.046511628	130551.30232558
1542779.0643275	1562545.9883041	16696	130584.95906433
1540258.1775148	1560068.5443787	16704.142011834	130619.59763314
1539723.9767442	1559576.1860465	16708	130656.27906977
1539473.748503	1559369.5568862	16713.149700599	130689.36526946
1539490.6136364	1559421.8636364	16720	130716.20454545
1538946.3095238	1558901.2857143	16722.261904762	130738.07142857
1539219.2325581	1559224.4186047	16732	130773.95348837
1538755.7906977	1558800.7906977	16736.209302326	130801.25581395
1538940.3908046	1559033.1494253	16748	130832.50574713
1538808.1176471	1558944.4	16748	130875.12941176
1539123.8628571	1559298.4	16762.971428571	130894.83428571
1538778.0346821	1558992.8092486	16764	130932.1849711
1538472.6011561	1558738.2890173	16773.132947977	130974.45086705
1539395.2142857	1559705.7619048	16776	131005.11904762
1538822.0941176	1559170.2588235	16782.611764706	131028.65882353
1538484.5842697	1558879.8876404	16788	131068.51685393
1538749.3882353	1559177.1764706	16793.2	131100.23529412
1538929.5955056	1559409.6629213	16800	131135.57303371
1538632.8433735	1559153.3253012	16803.156626506	131173.03614458
1539111.954023	1559681.1264368	16812	131203.33333333
1538552.0236686	1559158.6508876	16812.781065089	131236.44970414
1538499.5606936	1559155.9075145	16824	131273.57225434
1538317.6242424	1559005.5757576	16824	131300.43636364
1538739.8571429	1559475.2142857	16835.428571429	131334.85714286
1538586.1395349	1559355.5116279	16836	131369.48837209
1538182.4561404	1558998.8538012	16845.450292398	131401.38011696
1538806.5325444	1559669.8934911	16848	131436.94674556
1538240.4970414	1559140.4023669	16855.431952663	131463.43195266
1538576.8139535	1559517.7209302	16860	131493.53488372
1538736.8735632	1559725.3103448	16865.655172414	131530.06896552
1538436.5485714	1559476.9828571	16872	131575.24571429
1537737.0697674	1558802.255814	16874.372093023	131600.8372093
1538109.871345	1559220.9824561	16884	131627.43859649
1538257.2307692	1559411.9526627	16884	131669.23076923
1538002.3542857	1559187.9542857	16895.085714286	131691.2
1538377.5662651	1559609.7108434	16896	131726.12048193
1538421.6608187	1559697.1461988	16905.192982456	131761.84795322
1538398.7134503	1559715.3450292	16908	131795.34502924
1538071.6190476	1559423.1190476	16919.142857143	131819.23809524
1538632.7857143	1560036.1190476	16924	131862.47619048
1538553.6766467	1559989.6047904	16928.958083832	131889.38922156
1538160.4624277	1559636.0231214	16936	131918.63583815
1538632.2543353	1560143.8150289	16939.306358382	131954.68208092
1538412.5	1559979.0714286	16948	131986.33333333
1538466.2823529	1560071.7411765	16949.341176471	132026.84705882
1537994.7784431	1559641.7005988	16960	132049.10179641
1537836.852071	1559521.964497	16960	132085.46745562
1537754.7228916	1559471.1566265	16975.927710843	132098.28915663
1538012.5813953	1559783.4418605	16976	132151.30232558
1537634.9761905	1559442.3333333	16985.571428571	132173.45238095
1537946.5389222	1559788.5748503	16988	132201.22155689
1538080.0714286	1559967.6666667	16994.547619048	132237.33333333
1537433.7882353	1559368.7764706	17000	132270.91764706
1537948.0727273	1559923.6606061	17004.8	132303.34545455
1537305.6941176	1559323.5058824	17012	132338.82352941
1537603.1715976	1559660.3076923	17014.698224852	132371.05325444
1537487.7192982	1559594.0350877	17024.421052632	132407.13450292
1537715.8323353	1559843.8562874	17028.718562874	132435.37724551
1537500.7380952	1559695.9761905	17040	132474.28571429
1537262.1040462	1559489.9653179	17040	132506.61271676
1538059.2899408	1560316.591716	17051.976331361	132523.81065089
1537606.566474	1559918.2890173	17052	132572.30057803
1537666.6272189	1560019.1242604	17066.272189349	132594.10650888
1537875.0588235	1560270.4941176	17068	132634.02352941
1537495.7714286	1559936.0685714	17076.48	132675.81714286
1537318.7052023	1559806.1040462	17080	132707.39884393
1537361.5121951	1559884.902439	17086.731707317	132732.92682927
1537461.5857988	1560031.4792899	17096	132765.3964497
1537490.9176471	1560100.4941176	17099.105882353	132798.02352941
1536834.8639053	1559490.6035503	17108	132831.26627219
1537211.0429448	1559899.7300613	17108	132864.46625767
1537122.3809524	1559858.7619048	17119.928571429	132892.73809524
1537689.3571429	1560459.5	17120.428571429	132926.61904762
1536822.4378698	1559639.8106509	17133.798816568	132954.72189349
1536697.5662651	1559556.1445783	17136	132992.77108434
1537729.4201183	1560624.4260355	17143.526627219	133025.98816568
1537063.5029586	1560010.887574	17148	133061.56213018
1536840.547619	1559832.2857143	17153.714285714	133098.4047619
1537188.0718563	1560222.7305389	17164	133126.37125749
1536650.2168675	1559717.8072289	17167.445783133	133157.59036145
1537200	1560320.9638554	17176	133190.86746988
1537129.1428571	1560284.0238095	17177.5	133221.14285714
1537365.5	1560567.952381	17188	133252.73809524
1537489.2307692	1560733.5857988	17192.49704142	133292.87573964
1536984.1882353	1560274.8	17204	133324.42352941
1536930.7283237	1560265.4566474	17204.76300578	133361.17919075
1536689.2934132	1560058.251497	17216	133381.38922156
1537062.88	1560478.56	17216	133423.42857143
1536630.0598802	1560079.9281437	17228.383233533	133429.24550898
1536494.9176471	1559976.8470588	17232	133463.36470588
1536720.4285714	1560242.1190476	17242.261904762	133498.38095238
1536812.8089888	1560378.4719101	17244	133537.25842697
1536411.5209581	1560020.1916168	17252.239520958	133567.78443114
1535902.6982249	1559563.6449704	17256	133606.53254438
1536485.9881657	1560191.408284	17266.461538462	133633.79881657
1536243.7633136	1560013.5384615	17272	133682.01183432
1536102.8606061	1559895.2	17276.339393939	133703.70909091
1536064.1190476	1559903.4285714	17284	133744.11904762
1536062.5301205	1559941.4457831	17286.457831325	133768.14457831
1536031.251462	1559955.5555556	17300	133800.23391813
1535481.5294118	1559450.8941176	17300	133844.87058824
1535727.6646707	1559729.1976048	17311.568862275	133862.65868263
1535892.8809524	1559939.6666667	17312	133905.88095238
1535735.2048193	1559815.1807229	17319.445783133	133932.93975904
1535961.2439024	1560086.6097561	17324.43902439	133972.75609756
1535722.4431138	1559890.8023952	17333.221556886	134000.95808383
1535940.7228916	1560152.9638554	17340	134035.18072289
1536549.2142857	1560798.047619	17343.571428571	134057.5
1535757.5365854	1560060.5609756	17352	134097.46341463
1535754.902439	1560074.0487805	17352.585365854	134128.63414634
1535881.497076	1560268.4912281	17368	134160.04678363
1536052.5581395	1560470.6976744	17368	134190.27906977
1535765.8780488	1560235.0243902	17379.926829268	134227.24390244
1535757.05	1560262.125	17380	134259.9
1535679.2380952	1560224.6666667	17389.071428571	134292.66666667
1535747.8562874	1560333.3173653	17396	134320.88622754
1535883.2814371	1560529.245509	17403.329341317	134367.47305389
1535505.1428571	1560196.2142857	17408	134408
1535537.8682635	1560245.9640719	17412.886227545	134421.10179641
1535623.3411765	1560390.0705882	17420	134465.10588235
1535931.7241379	1560728.3218391	17424.091954023	134488.59770115
1535515.6407186	1560363.2095808	17436	134520.26347305
1535686.4705882	1560573.5294118	17437.341176471	134553.85882353
1535423.3374233	1560362.9202454	17448	134590.23312883
1535945.8571429	1560918.0952381	17448	134619.80952381
1532844.2208589	1557865.9877301	17459.779141104	136965.22699387
1532855.6848485	1557920.0727273	17464	137003.92727273
1533154.1219512	1558255.804878	17472.414634146	137019.3902439
1532981.8698225	1558124.7573964	17476	137064.09467456
1532872.0243902	1558055.6585366	17481.902439024	137098.12195122
1532860.8674699	1558091.5421687	17488	137126.04819277
1533003.0232558	1558261.6046512	17495.697674419	137145.76744186
1533119.9069767	1558421.3488372	17504	137179.90697674
1532208.2874251	1557545.7964072	17505.628742515	137203.85628743
1532666.7065868	1558059.3772455	17516	137244.04790419
1532522.0465116	1557953	17516	137282.65116279
1533096.9885057	1558567.0114943	17528.390804598	137309.6091954
1532844.1428571	1558367.3095238	17532	137345.5952381
1532432.3592814	1557996.0718563	17543.137724551	137378.22754491
1532637.5808383	1558232.6946108	17544	137406.46706587
1532511.7365269	1558156.4790419	17553.676646707	137444
1532700.3508772	1558379.2748538	17556	137467.71929825
1532428.4047619	1558161.4047619	17567.571428571	137506.45238095
1532739.6470588	1558511.7176471	17572	137536.49411765
1532702.2823529	1558518.3764706	17578.141176471	137572.77647059
1532043.4457831	1557914.3373494	17584	137618.14457831
1532148.1927711	1558040.0963855	17586.602409639	137631.34939759
1532194.7730061	1558146.0613497	17600	137678.47852761
1532404.9580838	1558386.4670659	17600	137705.1497006
1532378.974359	1558404.5897436	17610.846153846	137736.66666667
1532383.627907	1558450.5348837	17612	137764.55813953
1531751.5266272	1557866.5798817	17620.071005917	137804.66272189
1532226.0115607	1558376.3930636	17624.416184971	137837.4566474
1532352.0490798	1558550.4785276	17634.552147239	137872.36809816
1532506.7380952	1558746	17640	137900.54761905
1532498.1040462	1558778.3352601	17644.647398844	137935.35260116
1531895.8117647	1558215.6470588	17652	137958.77647059
1532120.8	1558485.6	17654.909090909	137998.4
1532623.1428571	1559034.1666667	17668	138027.5952381
1532100.2926829	1558545.2195122	17668.048780488	138061.17073171
1531672.1226994	1558173.7423313	17680	138096.46625767
1532009.6296296	1558541.308642	17680	138127.33333333
1531633.1325301	1558209.253012	17689.662650602	138164.12048193
1532027.5878788	1558650.0606061	17696	138197.81818182
1532044.374269	1558700.1169591	17703.649122807	138215.55555556
1531238.2	1557931.625	17708	138255.375
1531897.2121212	1558633.8666667	17712.775757576	138281.11515152
1531586.0598802	1558369.245509	17720	138324.45508982
1531365.3333333	1558191.6049383	17727.407407407	138360.49382716
1532242	1559114	17744	138383.7804878
1531709.4567901	1558627.5308642	17744.37037037	138423.92592593
1531862.4484848	1558832.9939394	17756	138453.76969697
1531609.5147929	1558611.2426036	17756	138487.55029586
1531739.3293413	1558778.9221557	17767.329341317	138507.90419162
1531373.6242424	1558446.7636364	17772	138538.69090909
1531491.7380952	1558608.3333333	17781.071428571	138562.92857143
1531036.4790419	1558194.6107784	17784	138601.1497006
1531187.1529412	1558389.7647059	17791.458823529	138637.67058824
1531418.1575758	1558664.5333333	17796	138676.38787879
1530862.9700599	1558156.9820359	17805.461077844	138707.85628743
1530862.9761905	1558197.9761905	17812	138739.66666667
1530897.0404624	1558270.7745665	17815.953757225	138774.61271676
1530884.2409639	1558300.8674699	17824	138798.31325301
1530590.867052	1558049.0867052	17824	138840.9017341
1531104.1860465	1558605.2790698	17839.651162791	138871.41860465
1531046.8263473	1558588.3832335	17844	138892.0239521
1531854	1559446.9069767	17856.837209302	138932.30232558
1530985.4352941	1558617.6941176	17860	138960.96470588
1530569.4674556	1558241.3491124	17867.100591716	138998.55621302
1530735.6341463	1558455.7804878	17872	139033.90243902
1531081.2	1558850.4705882	17881.435294118	139067.92941176
1530121.4567901	1557932.0493827	17888	139096.66666667
1531116.0714286	1558959.1428571	17891.119047619	139128.33333333
1530642.3515152	1558534.8848485	17900	139159.22424242
1530584.4970414	1558510.9585799	17901.467455621	139193.0887574
1530462.3030303	1558443.8787879	17915.975757576	139225.64848485
1530710.0584795	1558724.9122807	17916	139256.67836257
1530321.0617284	1558383.6790123	17927.975308642	139280.9382716
1530534.2682927	1558644.9512195	17931.585365854	139327.82926829
1529807.452381	1557963.7619048	17941.619047619	139363.54761905
1530280.1190476	1558480.5238095	17945.071428571	139398.47619048
1530527.4074074	1558762.5925926	17955.703703704	139426.9382716
1530543.8780488	1558822.9512195	17960	139458.09756098
1531115.5348837	1559438.7906977	17965.860465116	139493.69767442
1530140.0963855	1558506.6506024	17972	139525.22891566
1530426.85	1558828.75	17974.6	139561.275
1530840.5153374	1559292.7607362	17988	139590.72392638
1530418.7710843	1558907.253012	17988.21686747	139620.48192771
1530221.515528	1558747.0807453	18000	139649.41614907
1530326.8848485	1558896.7030303	18000	139689.64848485
1530424.9212121	1559051.7575758	18010.181818182	139728.38787879
1529838.1349693	1558504.3680982	18016	139758.47852761
1530255.9754601	1558954.3558282	18024.613496933	139781.0797546
1529900.4556962	1558649.6202532	18028	139822.10126582
1529778.5389222	1558567.0179641	18033.820359281	139851.4251497
1530276.3878788	1559095.1757576	18040	139872.16969697
1530117.4683544	1558972.7594937	18043.924050633	139901.49367089
1530136.7228916	1559041.2048193	18056	139932.72289157
1530024.2857143	1558970.547619	18059.285714286	139966.66666667
1529662.5679012	1558656.1728395	18068	140001.08641975
1530316.9230769	1559348.7337278	18071.124260355	140038.08284024
1530126.3515152	1559206.1575758	18080	140076.87272727
1530178.5609756	1559296.2439024	18086.926829268	140104.58536585
1529510.05	1558668.875	18096	140129.5
1530017.9277108	1559220.4578313	18097.012048193	140167.22891566
1530165.9877301	1559413.3742331	18108	140201.37423313
1529729.5757576	1559013.9151515	18108	140232.48484848
1529197.1636364	1558530.5939394	18123.854545455	140276.33939394
1529682.5149701	1559054.7305389	18124	140307.35329341
1529079.7125749	1558498.3952096	18131.592814371	140338.13173653
1529053.0797546	1558515.2638037	18136	140374.3803681
1529723.0487805	1559219.1463415	18140.219512195	140395.34146341
1529612.9285714	1559160.2142857	18148.404761905	140435.4047619
1529474.0858896	1559056.0490798	18154.331288344	140465.86503067
1529515.5828221	1559138.404908	18164	140494.57668712
1529710.0858896	1559371.0184049	18164.490797546	140526.6993865
1529575.2484848	1559284.9212121	18176	140555.05454545
1526300.7295597	1556043.1949686	18176	140588.52830189
1526569.2848485	1556365.5272727	18195.466666667	140616.77575758
1525956.195122	1555783.8780488	18196	140655.04878049
1526454.7065868	1556339.1616766	18209.700598802	140691.80838323
1526381.2195122	1556304.804878	18212	140726.34146341
1526550.1707317	1556505.1219512	18218.731707317	140748.46341463
1526374.0740741	1556382.8395062	18228	140785.72839506
1526393	1556442.5121951	18232.975609756	140822.31707317
1525558.3037975	1555648.9113924	18240	140850.07594937
1526184.7361963	1556313.6441718	18242.429447853	140883.26380368
1525783.0731707	1555960.6829268	18252	140916.04878049
1525670.0636943	1555884.9426752	18252.433121019	140947.89808917
1525735.9745223	1556002.3949045	18268	140980.25477707
1526149.2195122	1556450.804878	18268	141010.80487805
1525814.208589	1556156.6625767	18278.355828221	141037.81595092
1525925.5365854	1556314.9512195	18280	141079
1525716.3703704	1556145.5308642	18288.296296296	141112.64197531
1525985.8666667	1556460.630303	18296	141148.02424242
1525946.7393939	1556461.7454545	18302.303030303	141176.84848485
1525005.122807	1555556.6315789	18308	141206.3625731
1525454.7228916	1556037.7349398	18312.554216867	141225.22891566
1525104.4071856	1555741.8443114	18320	141269.55688623
1525055.2768362	1555725.9887006	18328.13559322	141292.81355932
1525060.8242424	1555789.0909091	18336	141338.76363636
1524399.408284	1555165.112426	18338.343195266	141371.78698225
1524946.230303	1555750.4727273	18348	141399.73333333
1524624.9047619	1555480.3809524	18348.976190476	141443.4047619
1524096.7654321	1554998.4197531	18360.419753086	141471.90123457
1524936.9756098	1555869.6585366	18364	141499.19512195
1525015.1904762	1555995.452381	18379.642857143	141529.33333333
1524708.3181818	1555732.5909091	18380	141572.79545455
1524362.1647059	1555428.8705882	18392.541176471	141594.54117647
1524526.1904762	1555636.6904762	18396	141632
1524702.1257143	1555863.0628571	18405.622857143	141665.12
1524958.404908	1556167.2392638	18412	141698.50306748
1524684.5	1555933.5	18415.69047619	141735.21428571
1524663.7317073	1555959.3170732	18424	141766.46341463
1524403.1219512	1555726.2439024	18425.87804878	141795
1524867.378882	1556246.1614907	18440	141839.35403727
1524737.8	1556144.4	18440	141865.575
1525000.447205	1556453.9130435	18452	141897.31677019
1524460.3809524	1555942.9047619	18452	141925.69047619
1524498.6257669	1556028.0245399	18462.380368098	141955.04294479
1524311.7018634	1555884.7453416	18464.397515528	141991.80124224
1524862.9813665	1556480.7453416	18475.826086957	142028.86956522
1524518.626506	1556182	18480	142059.90361446
1524374.7080745	1556077.0931677	18485.937888199	142094.36024845
1524837.3902439	1556584.7073171	18492	142123.34146341
1524481.8424242	1556269.4787879	18496.848484848	142160.12121212
1524526.7407407	1556370.4938272	18508	142196.69135802
1524390.1104294	1556270.1595092	18509.619631902	142224.61349693
1524723.6770186	1556637.8136646	18520	142253.0931677
1524676.2962963	1556642.1975309	18520	142292.34567901
1525001.8853503	1556997.2993631	18531.974522293	142310.62420382
1524422.4727273	1556472.630303	18536	142353.93939394
1524663.4567901	1556750.2469136	18546.074074074	142380.83950617
1524329.005988	1556461.0538922	18548	142418.34730539
1524512.7116564	1556684.0981595	18556.883435583	142450.52760736
1524312.7483871	1556529.3935484	18560	142481.26451613
1524358.5590062	1556615.9503106	18567.080745342	142516.49689441
1524442.8571429	1556747.0310559	18576	142552.42236025
1524362.7560976	1556699.8780488	18580.902439024	142579.85365854
1524017.0306748	1556386.4785276	18588	142597.79141104
1523729.6969697	1556136.3393939	18591.345454545	142630.23030303
1524523.8773006	1556970.3558282	18600	142653.91411043
1524290.251497	1556781.6766467	18605.868263473	142697.60479042
1523233.9036145	1555780.3614458	18616	142739.42168675
1523693.0379747	1556277.9240506	18616	142765.87341772
1523641.5515152	1556265.5272727	18626.739393939	142791.66060606
1523889.3818182	1556558.7878788	18628	142826.54545455
1523832.6134969	1556543.3865031	18639.435582822	142858.62576687
1523731.0184049	1556487.9263804	18644	142897.59509202
1523374.0246914	1556168.9876543	18649.604938272	142922.32098765
1523820.0736196	1556657.6441718	18656	142960.78527607
1524260.3658537	1557134.2682927	18659.56097561	142990.3902439
1523646.3	1556560.75	18668.425	143024.5
1523639.075	1556598.3	18673.95	143057.7
1523968.3333333	1556979.2564103	18684	143090.30769231
1523637.6687117	1556684.2699387	18684	143127.16564417
1523875	1556966.1	18695.775	143153.375
1523237.0931677	1556366.5341615	18696	143186.33540373
1523857.8404908	1557020.6625767	18710.061349693	143209.0797546
1523218.6835443	1556427.2658228	18712	143251.39240506
1523566.475	1556812.6	18719.8	143276.525
1523602.757764	1556897.5403727	18724	143321.0931677
1523100.3522013	1556437.7861635	18730.113207547	143353.18238994
1523568.8641975	1556954.0493827	18740	143382.12345679
1523375.35	1556800.575	18743.975	143416.975
1523475.6097561	1556947.0487805	18752	143450.87804878
1523374.556962	1556871.1392405	18753.898734177	143476.55696203
1523455.4285714	1557005.7639752	18764	143504.2484472
1523155.2049689	1556753.7391304	18764.422360248	143552.89440994
1523141.7391304	1556785.6397516	18779.751552795	143578.36024845
1523390.3741935	1557066.0645161	18780	143609.10967742
1523114.1772152	1556841.9493671	18789.620253165	143646.32911392
1523255.0126582	1557019.0126582	18792	143669.56962025
1523486.3544304	1557292.9873418	18799.215189873	143701.34177215
1523529.1042945	1557385.9386503	18808	143745.52147239
1523579.7350993	1557459.205298	18812.847682119	143759.60264901
1522877.2810458	1556822.4313725	18820	143813.33333333
1523334.8148148	1557310.4197531	18820.345679012	143838.83950617
1523180.7798742	1557198.6918239	18832	143871.34591195
1522443.7125749	1556505.8682635	18836	143905.00598802
1522691.5031056	1556798.8074534	18844.347826087	143938.03726708
1522800.9512195	1556938	18848	143959.82926829
1522658.1481481	1556826.0740741	18854.444444444	143982.79012346
1522766.3067485	1556983.9509202	18860	144024.36809816
1522582.6410256	1556845.5384615	18865	144061.84615385
1522646.5	1556942.575	18876	144081.35
1522678.2675159	1557016.7388535	18877.987261146	144121.14649682
1522816.4691358	1557202.4938272	18888	144151.28395062
1522454.7948718	1556891.7179487	18888	144194.23076923
1522355.4968553	1556824.4528302	18899.974842767	144219.37106918
1522226.8930818	1556741.7610063	18904	144257.33333333
1522542.278481	1557088.4050633	18913.64556962	144278.32911392
1522067.35	1556666.6	18916	144318.875
1522471.8193548	1557111.8709677	18924.438709677	144352.69677419
1522272.7594937	1556949.0379747	18928	144383.7721519
1522613.7142857	1557337.9627329	18941.614906832	144418.48447205
1522382.0621118	1557153.1180124	18944	144456.69565217
1522201.1719745	1557014.7770701	18952.687898089	144484.45859873
1522080.3076923	1556926.8205128	18956	144512.30769231
1522281.4615385	1557174.1794872	18962.128205128	144541.82051282
1522071.1698113	1557017.0314465	18968.452830189	144587.67295597
1521880.6153846	1556845.2307692	18975.615384615	144599.97435897
1522024.8301887	1557046.4654088	18984	144644.95597484
1521863.1847134	1556915.8471338	18984	144677.96178344
1522137.6708861	1557250.7341772	18996	144721.18987342
1522708.3096774	1557853.7806452	18996	144743.69032258
1522417.1139241	1557604.8607595	19008.658227848	144774.05063291
1521992.0769231	1557227.8974359	19012	144809.35897436
1522302.1558442	1557578.8571429	19018.311688312	144846.31168831
1522561.0864198	1557879.2839506	19024	144876.69135802
1522308.1842105	1557654.6842105	19028.078947368	144898.21052632
1522084.1038961	1557488.4415584	19039.974025974	144944.15584416
1522332.1518987	1557773.2658228	19041.291139241	144973.41772152
1521859.1446541	1557349.7106918	19052	145008.88050314
1521515.0909091	1557045.1428571	19052	145041.48051948
1521456.9350649	1557031.4025974	19063.532467532	145072.77922078
1521829.5443038	1557443.164557	19066.607594937	145106.12658228
1521701.5741935	1557361.4451613	19081.548387097	145134.06451613
1522023.5471698	1557737.5345912	19088	145172.45283019
1521671.1895425	1557415.2418301	19094.196078431	145200.83660131
1521670.4675325	1557459.8701299	19100	145235.03896104
1522195.9220779	1558018.9090909	19102.883116883	145262.93506494
1520866.0506329	1556742.8101266	19116	145296.70886076
1521182.6181818	1557088.6545455	19116	145320.12121212
1520688.9820359	1556637.245509	19127.784431138	145353.7245509
1520651.9761905	1556642.7380952	19128	145390.85714286
1521249.3416149	1557284.8198758	19134.906832298	145421.76397516
1520840.9815951	1556914.3803681	19144	145453.71779141
1521322.5822785	1557441.3670886	19148.759493671	145489.16455696
1520976.8553459	1557132.8553459	19156	145518.28930818
1520970.0645161	1557166.4258065	19158.838709677	145550.60645161
1521179.8734177	1557412.9620253	19168	145574.40506329
1521335.1794872	1557606.5897436	19168.666666667	145606.94871795
1520876.35	1557201.275	19184	145646.55
1520696.6193548	1557065.1612903	19184	145685.88387097
1521300.525	1557720.775	19194.95	145720.1
1520478.2857143	1556929.9875776	19196	145751.25465839
1520829.6815287	1557327.3630573	19204.687898089	145784.7388535
1521187.1552795	1557729.4906832	19212	145818.11180124
1520872.0490798	1557447.8282209	19218.036809816	145841.76687117
1521318.7421384	1557939.9245283	19224	145876.22641509
1520967.6770186	1557632.5962733	19228.02484472	145915.45341615
1521183.7677419	1557886.2451613	19236	145934.4
1520912.9032258	1557657.316129	19241.135483871	145970.21935484
1520845.8853503	1557650.6242038	19252	146006.9044586
1521159.8974359	1557997.3333333	19252	146045.43589744
1520146.556962	1557036.2278481	19263.594936709	146079.46835443
1520781	1557705.1	19264	146108.925
1520559.3540373	1557516.7453416	19273.714285714	146145.73913043
1520471.8518519	1557487.8765432	19280	146180.14814815
1520927.5263158	1557975.3157895	19287.315789474	146207.68421053
1520838.4556962	1557927.5443038	19292	146241.24050633
1520462.675	1557594.775	19296.8	146271.3
1520057.5345912	1557229.1320755	19304	146300.88050314
1520132.130719	1557349.3594771	19310.169934641	146339.76470588
1520793.2820513	1558048.4102564	19320	146366.82051282
1520643.1082803	1557940.2292994	19320	146401.55414013
1520529.7579618	1557876.9426752	19332	146439.71974522
1520678.6751592	1558052.6369427	19332	146468.45859873
1520441.081761	1557875.7232704	19345.534591195	146504.88050314
1519744.1728395	1557213.5802469	19348	146536.66666667
1520348.8301887	1557860.9056604	19352.377358491	146569.33333333
1520284.9367089	1557838.9873418	19360	146599.72151899
1519835.0666667	1557427.84	19360.32	146633.94666667
1520060.5350318	1557694.2165605	19372.433121019	146657.12101911
1520251.5443038	1557916.6329114	19376	146685.24050633
1519404.95	1557118.8	19386.725	146717.725
1519772.3566879	1557524.6369427	19388	146750.42038217
1520238.2165605	1558032.5605096	19396.25477707	146778.29299363
1519587.5414013	1557433.4267516	19400	146822.64968153
1519729.8113208	1557619.2704403	19409.886792453	146853.93710692
1519741.3081761	1557671.672956	19416	146889.3081761
1519843.7647059	1557812.496732	19418.901960784	146917.56862745
1519809.9	1557816	19428	146945.175
1519825.8734177	1557868.3544304	19428.278481013	146976.27848101
1519995.15	1558090.2	19444	147006.675
1519597.5686275	1557733.1764706	19444	147049.80392157
1519900.8366013	1558086.5620915	19454.196078431	147077.4379085
1519948.8447205	1558177.2670807	19456	147112.27329193
1519481.7721519	1557752.2278481	19463.82278481	147154.73417722
1519705.316129	1558007.716129	19468.412903226	147177.67741935
1519819.275	1558174.2	19477.625	147217.125
1519529.5900621	1557918.8571429	19484	147241.36645963
1519414.8025478	1557848.4840764	19487.363057325	147281.78343949
1519085.4842767	1557562.6415094	19496	147308.77987421
1519325.1354839	1557828.4387097	19496	147332.67096774
1519489.6153846	1558042.5897436	19512	147367.69230769
1518696	1557289.7721519	19512	147393.44303797
1519390.6829268	1558034.5609756	19522.390243902	147436.43902439
1519417.6202532	1558106.2278481	19524	147471.72151899
1519304.075	1558034.025	19532.025	147505.55
1519456.0243902	1558226.6341463	19540	147538.85365854
1519297.0909091	1558094.7012987	19546.12987013	147554.51948052
1518780.9350649	1557635.6363636	19552	147603.92207792
1519232.3096774	1558127.6903226	19555.483870968	147632.36129032
1519250.6153846	1558189.4358974	19564	147662.76923077
1519245.3670886	1558218.8607595	19565.82278481	147696.53164557
1519549.9736842	1558565.3947368	19580	147718.57894737
1519422	1558485.5466667	19580	147766.08
1519266.8205128	1558380	19590.897435897	147796.61538462
1519060.8553459	1558202.9685535	19592	147834.56603774
1519048.4155844	1558239.4545455	19600.493506494	147862.51948052
1518935.5096774	1558162.8129032	19608	147886.27096774
1518868.283871	1558141.3419355	19613.961290323	147924.72258065
1518845.4805195	1558148.5194805	19620	147949.19480519
1518501.2345679	1557855.7777778	19623.555555556	148001.7037037
1517999.0588235	1557391.3411765	19632	148017.64705882
1517816.4023669	1557235.8579882	19636	148033.3964497
1518307.4390244	1557775	19647.56097561	148070.24390244
1518183.7844311	1557689.4131737	19648	148104.81437126
1518571.7791411	1558127.7546012	19657.27607362	148142.40490798
1518057.8072289	1557644.9638554	19660	148170.21686747
1518335.1219512	1557959.5365854	19668.682926829	148191.92682927
1518112.0987654	1557792.8395062	19676	148236.64197531
1517824.4907975	1557537.6441718	19682.846625767	148262.08588957
1518188.0487805	1557942.1219512	19688	148293.29268293
1517664.502994	1557468.6946108	19698.035928144	148326.25149701
1517641.975	1557489.5	19704	148364.275
1514863.7546012	1554754.4785276	19712.122699387	148402.96932515
1514969.5	1554910.25	19720	148429.8
1514960.8143713	1554944.7904192	19721.724550898	148471.83233533
1514314.5128205	1554333.1794872	19732	148491.51282051
1514948.804878	1555005.2439024	19732	148523.3902439
1514648.0253165	1554754.2531646	19752	148559.29113924
1514638.2682927	1554788.4634146	19752	148594.75609756
1514605.2839506	1554809.9259259	19761.703703704	148634.19753086
1514432.617284	1554667.1604938	19764	148654.49382716
1514582.5521472	1554850.8957055	19772.319018405	148682.96932515
1514429.9493671	1554756.6075949	19776.430379747	148729.34177215
1514765.0243902	1555142.0243902	19789.414634146	148764
1514623.6477987	1555033.2327044	19792	148793.71069182
1514576.7950311	1555030.7329193	19801.98757764	148825.49068323
1514178.7407407	1554672.7654321	19804	148861.08641975
1514259.6024845	1554799.1552795	19813.093167702	148891.55279503
1514277.5652174	1554852.0745342	19820	148916.07453416
1514899.1656442	1555516.2453988	19827.582822086	148951.60736196
1514354.5121951	1555018.6341463	19832	148986.36585366
1514348.175	1555054.575	19837.975	149022.175
1514450.4099379	1555201.068323	19844	149056.07453416
1513660.1509434	1554447.4968553	19852.27672956	149079.59748428
1514562.9156627	1555405.253012	19860	149125.56626506
1514650.5477707	1555526.6242038	19862.573248408	149152.43312102
1514352	1555274.2165605	19872	149180.56050955
1513915.1082803	1554870.9044586	19872.891719745	149209.35031847
1514175.6121212	1555181.7212121	19884.412121212	149250.81212121
1513800.4096386	1554844.1204819	19888	149280.3373494
1513482.3905325	1554573.964497	19898.224852071	149314.93491124
1514265.6932515	1555394.6748466	19900	149344.07361963
1514689.7530864	1555867.5802469	19907.037037037	149383.48148148
1514006.3225806	1555204.3096774	19912	149395.48387097
1514341.2810458	1555574.9281046	19920.549019608	149420.2875817
1514281	1555566.675	19928	149460.05
1513996.4303797	1555316.1518987	19931.189873418	149489.56962025
1514206.8717949	1555564.8205128	19940	149516.92307692
1513924.3018868	1555326.8930818	19948.452830189	149553.71069182
1513791.7232704	1555254.3396226	19963.974842767	149592.02515723
1513925.6516129	1555424.5677419	19964	149620.56774194
1514037.9487179	1555577.3076923	19979.615384615	149646.87179487
1513934.0653595	1555515.3202614	19980	149683.11111111
1513762.4258065	1555394.6064516	19988.567741935	149720.72258065
1514241.5541401	1555911.4649682	19992.407643312	149755.13375796
1514481.2631579	1556200.1842105	20002.473684211	149781.76315789
1514071.5973154	1555834.4966443	20008	149821.53020134
1513901.8974359	1555699.7435897	20010.897435897	149853.66666667
1514134.2709677	1555979.6387097	20020	149880.98064516
1513615.7179487	1555506.2051282	20020	149922.94871795
1514222.3636364	1556154.7012987	20036	149944.36363636
1513841.1464968	1555819.1592357	20036	149985.8343949
1513761.6774194	1555775.6129032	20045.367741935	150012.43870968
1513749.4545455	1555802.2077922	20048	150043.74025974
1513929.4285714	1556033.2727273	20054.935064935	150084.98701299
1513166.0636943	1555307.7197452	20064	150111.94904459
1513544.2352941	1555722.4575163	20068.549019608	150138.90196078
1513268.3116883	1555509.3506494	20076	150189.68831169
1513491.9738562	1555755.8169935	20077.647058824	150211.63398693
1513777.0066225	1556078.0397351	20088	150232.45033113
1513624.9681529	1555966.9808917	20088.407643312	150273.01910828
1513858.0869565	1556253.4161491	20103.776397516	150308.22360248
1513440.4903226	1555871.6387097	20104	150337.62580645
1513224.7948718	1555696.0512821	20113.615384615	150365.64102564
1513388.2597403	1555899.4285714	20116	150404.31168831
1513894.3636364	1556453.8961039	20123.168831169	150445.09090909
1513062.2820513	1555657.4615385	20132	150463.48717949
1512886.8051948	1555521.9220779	20133.714285714	150502.72727273
1513269.8598726	1555957.7834395	20144	150539.51592357
1513536.6092715	1556256.2649007	20144	150561.43046358
1513212.6451613	1555988.8516129	20155.070967742	150610.58064516
1513259.3506494	1556070.1818182	20159.974025974	150632.07792208
1513213.7333333	1556074.9066667	20167.92	150670.13333333
1513437.4210526	1556328.7894737	20172	150697.5
1513058.987013	1555997.3506494	20177.454545455	150733.92207792
1512838.5165563	1555812.5298013	20184	150764.31788079
1512595.5761589	1555600.2913907	20186.543046358	150791.78807947
1512977.7662338	1556037.2467532	20200	150820.44155844
1512249.7368421	1555345.3947368	20200.394736842	150857.57894737
1512479.9736842	1555625.4473684	20212	150888.94736842
1512705.5844156	1555879.974026	20212	150912.12987013
1512209.7894737	1555439.1842105	20222.157894737	150961.71052632
1513270.8051948	1556533.7922078	20228	150981.63636364
1512519.3421053	1555825.6842105	20236.368421053	151017.60526316
1512568.0805369	1555916	20240	151054.06711409
1512706.6577181	1556096.8053691	20244.832214765	151081.87919463
1512683.6153846	1556118.1794872	20252	151123.05128205
1512787.5870968	1556255.8709677	20255.174193548	151145.62580645
1512681.5741935	1556199.2516129	20264	151182.21935484
1512505.9354839	1556065.4451613	20264	151216.59354839
1512015.0573248	1555617.8598726	20280	151243.61783439
1512353.4379085	1555996.2352941	20280	151280.94117647
1512213.2287582	1555908.3921569	20289.333333333	151321.04575163
1512589.6923077	1556313.3846154	20292	151343.64102564
1512375.6842105	1556141.5789474	20298.157894737	151378.71052632
1512733.2820513	1556550.7948718	20304	151418.82051282
1512373.6202532	1556228.3544304	20308.025316456	151447.82278481
1512453.4901961	1556348	20316	151479.66013072
1512345.9084967	1556277.6732026	20316.60130719	151508.96732026
1512495.7707006	1556478.522293	20328	151548.56050955
1512274.116129	1556293.2129032	20328	151571.17419355
1511796.175	1555874.15	20337.525	151616.375
1512154.835443	1556264.1518987	20340	151642.75949367
1512069.1168831	1556208.2597403	20343.896103896	151667.76623377
1512131.3076923	1556321.2051282	20352	151705
1511997.9084967	1556227.1895425	20353.098039216	151744.31372549
1512063.12	1556333.2	20364	151769.73333333
1511910.2368421	1556215.6578947	20364	151808.44736842
1512151.7368421	1556500.1052632	20374.473684211	151838.5
1511978.3896104	1556369.8181818	20376	151874.46753247
1512248.2416107	1556683.9463087	20383.651006711	151900.10738255
1511921.7548387	1556400.6451613	20388	151936.15483871
1512050.7354839	1556571.0193548	20392.64516129	151970.24516129
1512014.5477707	1556574.2420382	20400	152001.01910828
1512281.8807947	1556867.3642384	20401.907284768	152025.98675497
1511942	1556586.4736842	20412	152068.42105263
1511328.7692308	1556009.5641026	20412	152102.74358974
1511361.2564103	1556085	20428	152130.12820513
1511514.8496732	1556274.6666667	20428	152165.93464052
1511820.1818182	1556629.7402597	20441.558441558	152195.8961039
1511431.2307692	1556275.6153846	20444	152228.53846154
1511958.8874172	1556838.6490066	20450.754966887	152250.1986755
1511663.6623377	1556596.0779221	20456	152295.68831169
1511258.2337662	1556220.5454545	20460.285714286	152321.14285714
1511182.5066667	1556196.6133333	20468	152358.72
1511192.1025641	1556241.7435897	20469.358974359	152389.05128205
1510904.3354839	1556005.0064516	20480	152425.26451613
1511157.8974359	1556297.9230769	20480	152454.92307692
1511027.8980892	1556218.1910828	20490.547770701	152489.01910828
1511090.0382166	1556319.1847134	20492	152528.15286624
1511258.64	1556522.9866667	20499.36	152549.14666667
1511288.4935065	1556598.3896104	20504	152590.44155844
1511319.5496689	1556661.8013245	20508.609271523	152621.24503311
1511293.5064935	1556680.4415584	20516	152647.24675325
1511280.7682119	1556701.8013245	20517.960264901	152678.33112583
1511247.9480519	1556720.987013	20528	152716.64935065
1511121.6216216	1556627.4054054	20528	152747.67567568
1511043.6645161	1556598.0903226	20539.303225806	152778.58064516
1510955.4285714	1556551.0909091	20540	152822.02597403
1511169.0649351	1556811.7402597	20548.649350649	152843.94805195
1510718.1437908	1556404.7581699	20552	152891.34640523
1510879.5354839	1556603.4064516	20558.167741935	152914.58064516
1510582.3046358	1556347.7086093	20564	152939.70860927
1510720.9934641	1556525.5163399	20567.607843137	152978.43137255
1511147.3642384	1557001.4569536	20576	153010.78145695
1510900.4238411	1556773.1655629	20576.158940397	153029.11258278
1508337.2715232	1554281.0331126	20588	155391.54966887
1508225.6993464	1554203.2679739	20588	155420.52287582
1508676.6797386	1554698.0130719	20598.117647059	155445.46405229
1507932.3354839	1553997.8064516	20600	155495.92258065
1508275.2317881	1554377.192053	20605.562913907	155522.67549669
1508549.28	1554691.5733333	20612	155546.24
1508913.3947368	1555087.5263158	20616.342105263	155577.34210526
1508547.9215686	1554767.1895425	20624	155612.67973856
1508223.4966887	1554483.5761589	20625.907284768	155646.1986755
1508526.3333333	1554833.5384615	20636	155678.84615385
1508048.1842105	1554393.3421053	20636	155714.63157895
1508552.6315789	1554940.0526316	20647.973684211	155739.18421053
1508072.6493506	1554496.7532468	20648	155776.23376623
1507693.7894737	1554132.5789474	20656.973684211	155777.39473684
1507769.6107383	1554259.5436242	20660	155826.04026846
1507467.7484277	1553995.4213836	20665.333333333	155853.78616352
1508078.5063291	1554653.9240506	20672	155892.10126582
1508400.2739726	1555003.4246575	20673.808219178	155917.8630137
1507967.9473684	1554620.7894737	20684	155950.42105263
1508047.3464052	1554735.7385621	20684	155984.78431373
1508031.7583893	1554769.3154362	20695.838926174	156009.12751678
1507407.1372549	1554194.5620915	20696	156056.13071895
1507709.92	1554524.9333333	20705.013333333	156073.33333333
1507500.2802548	1554362.0382166	20708	156113.98726115
1507908.0526316	1554802.5263158	20714.394736842	156140.18421053
1507836.2292994	1554782.4203822	20720	156181.60509554
1507659.869281	1554635.8431373	20723.607843137	156200.13071895
1507750.6052632	1554781.2894737	20732	156248.97368421
1507220.2091503	1554284.7058824	20736.679738562	156274.30065359
1507209.5099338	1554318.384106	20748	156302.86092715
1507114.3267974	1554268.2352941	20748	156345.77777778
1507232.5263158	1554434.6315789	20762.815789474	156373.18421053
1507579.2356688	1554818.7006369	20764	156410.08917197
1507436.2894737	1554717.8684211	20771.973684211	156441.47368421
1507448.516129	1554778.7612903	20776	156475.38064516
1507438.8874172	1554804.8211921	20781.006622517	156509.43046358
1507245.8598726	1554652.8917197	20788	156538.52229299
1507643.2820513	1555093.2307692	20790.435897436	156571.23076923
1507205.6410256	1554699.8717949	20800	156606.15384615
1507506.3291139	1555032.0759494	20800	156635.06329114
1506626.1463415	1554215.2926829	20810.585365854	156681.97560976
1507322.8724832	1554941.1812081	20812	156710.14765101
1507422.5165563	1555080.7682119	20817.801324503	156738.09271523
1507264.7945205	1554960.0547945	20824	156765.89041096
1507422.1315789	1555157.5526316	20826.605263158	156798.18421053
1506969.9726027	1554747.9726027	20836	156829.7260274
1507122.0653595	1554930.9019608	20836	156859.32026144
1507116.2684564	1554978.7919463	20848	156898.28187919
1507332.3116883	1555228.9350649	20848	156929.32467532
1506502.442953	1554444.8053691	20856.859060403	156958.17449664
1506578.8157895	1554555.6842105	20860	156990.63157895
1507089.8300654	1555107.2156863	20865.620915033	157023.84313725
1507056.3684211	1555116.3684211	20872	157058.86842105
1506887.3150685	1554976.4109589	20874.054794521	157080.54794521
1507151.0967742	1555297.316129	20884	157122.86451613
1506964.7012987	1555126.5974026	20884	157136.31168831
1506638.4458599	1554846.7261146	20895.923566879	157166.44585987
1506523.4805195	1554772.1298701	20896	157203.97402597
1506104	1554402.9090909	20905.74025974	157238.49350649
1506690.7189542	1555023.5816993	20908	157265.56862745
1506514.9230769	1554897.5384615	20916	157301.82051282
1506469.9870968	1554885.8322581	20920	157325.57419355
1506492.1528662	1554961.2738854	20924.662420382	157369.29936306
1506454.9935484	1554959.8709677	20932	157395.76774194
1506835.5949367	1555373.3164557	20934.126582278	157435.64556962
1506086.8176101	1554670.4654088	20944	157462.28930818
1506143.8169935	1554758.3006536	20944	157492.99346405
1505712.7894737	1554381.8421053	20956	157526.31578947
1506065.1503268	1554771.6078431	20956	157562.74509804
1506460.7466667	1555207.12	20965.84	157584.42666667
1506346.7651007	1555140.1879195	20968	157628.2147651
1506137.9869281	1554966.1176471	20975.267973856	157656.83660131
1506418.1052632	1555286.6315789	20980	157687.05263158
1505921.5947712	1554825.3594771	20984.836601307	157716.10457516
1505854.1960784	1554817.3856209	20992	157762.82352941
1505985.5405405	1554988.5405405	20994.756756757	157802.81081081
1506110.5477707	1555157.8089172	21004	157825.37579618
1505567.0649351	1554643.974026	21004.233766234	157859.03896104
1505534.1578947	1554664.7368421	21016	157896.92105263
1505830.6666667	1554990.4575163	21016	157919.68627451
1506056.0522876	1555256.3137255	21026.588235294	157947.63398693
1506018.0779221	1555246.025974	21028	157987.19480519
1505369.974026	1554649.7662338	21036.181818182	158011.45454545
1505779.9205298	1555100.7682119	21040	158045.93377483
1505228.6037736	1554593.4591195	21045.58490566	158081.96226415
1504750.9447853	1554172.7607362	21052	158119.73006135
1504994.0858896	1554470.5521472	21052.711656442	158170.60122699
1505194.1538462	1554697.2820513	21064	158191.64102564
1505832.3354839	1555370.683871	21064	158220.49032258
1505287.9746835	1554864.3544304	21074.936708861	158244.05063291
1505238.0645161	1554850.6580645	21076	158272.8516129
1505295.974026	1554956	21084.649350649	158313.61038961
1505308.5095541	1555008.2547771	21088	158350.26751592
1505880.8533333	1555630.4266667	21094.8	158390.05333333
1506340.1891892	1556133.2432432	21104	158413.05405405
1505643.2317881	1555472.2649007	21108.21192053	158444
1504956.3398693	1554839.9215686	21120	158482.82352941
1502021.3684211	1551923.7368421	21121.5	158498.31578947
1501960.8774194	1551907.716129	21132	158524.33548387
1502017.6103896	1552007.7662338	21132	158566.67532468
1502085.2207792	1552112.2337662	21142.519480519	158593.03896104
1501976.0509554	1552037.0955414	21144	158622.42038217
1501885.5286624	1551997.8853503	21152.840764331	158663.94904459
1502289.3157895	1552436.3684211	21156	158684.28947368
1501829.7948718	1552027	21162.153846154	158726.71794872
1502168.7483871	1552405.0064516	21168	158755.53548387
1502101.2993631	1552381.910828	21172.178343949	158794.9044586
1501961.7986577	1552281.6644295	21180	158818.46979866
1501835.8717949	1552192.9487179	21181.435897436	158860.87179487
1502113.4102564	1552640.4871795	21316	158889.17948718
1501889.8543046	1552452.1854305	21316	158914.0397351
1501723.2516129	1552333.3677419	21327.767741935	158956.82580645
1501644.9681529	1552304.9426752	21328	158995.54140127
1501151.7385621	1551850.0915033	21337.803921569	159018.37908497
1501473.7748344	1552222.7019868	21344	159056.82119205
1501362.0392157	1552148.0522876	21351.294117647	159090.79738562
1501505.1125828	1552324.4768212	21356	159112.1589404
1501405.3246753	1552270.1818182	21361.142857143	159149.24675325
1501270.5194805	1552181.9480519	21368	159188.98701299
1501603.3947368	1552548.7368421	21374.394736842	159202.47368421
1501462.7096774	1552458.9677419	21384	159247.69032258
1501519.4771242	1552547.2156863	21384.784313725	159277.09803922
1501249.2432432	1552327.7297297	21396	159307.13513514
1501358.1656051	1552476.3566879	21396	159350.98089172
1501170.1146497	1552343.8980892	21411.159235669	159389.04458599
1501196	1552400.4935065	21416	159409.58441558
1500766.075	1552022.825	21427.125	159447.225
1501119.525	1552410.325	21432	159478.3
1501294.5	1552629.7368421	21434.263157895	159511.21052632
1501281.2533333	1552656.6666667	21444	159536.85333333
1501177.4522293	1552602.4968153	21448	159579.61783439
1500846.1192053	1552312.8211921	21460	159608.95364238
1501341.2533333	1552841.3866667	21460	159637.52
1501070.972973	1552607.0810811	21468.810810811	159661.02702703
1500964.9673203	1552552.0261438	21472	159714.03921569
1500812.6753247	1552436.3896104	21481.922077922	159737.79220779
1501119.1315789	1552790.7631579	21488	159767.23684211
1501537.8562092	1553239.5294118	21491.68627451	159798.37908497
1500470.4258065	1552220.9290323	21500	159835.01935484
1499936.72	1551714.4266667	21501.84	159856.58666667
1500577.316129	1552405.7806452	21512.412903226	159901.13548387
1500407.3421053	1552273.6578947	21516.868421053	159918.92105263
1500585.8181818	1552495.5064935	21528	159944.67532468
1500884.8476821	1552839.9205298	21528	159981.58940397
1500858.0927152	1552861.8807947	21539.443708609	160019.17880795
1500464.7581699	1552509.2026144	21540	160054.58823529
1500693.170068	1552785.2517007	21553.278911565	160085.14285714
1500656.2077922	1552781.7402597	21556	160123.42857143
1500283.4666667	1552457.12	21562.053333333	160154.74666667
1500091.503268	1552303.0065359	21568	160188.05228758
1500430.8609272	1552675.6291391	21571.337748344	160210.70198675
1500195.6821192	1552491.205298	21584	160250.54304636
1500018.7272727	1552356.3636364	21584.701298701	160286.41558442
1500197.8684211	1552578.1578947	21596	160313.73684211
1500238.0266667	1552663.5466667	21596	160352.45333333
1499778.4736842	1552242.2105263	21606.973684211	160380.76315789
1500143.9215686	1552652.4183007	21608.418300654	160417.12418301
1500208.627451	1552767.2418301	21621.019607843	160453.20261438
1500852.4295302	1553441.3154362	21624	160474.9261745
1500311.1633987	1552950.1960784	21629.803921569	160518.43137255
1500177.7218543	1552853.6688742	21636	160544.02649007
1500432.9090909	1553148.4675325	21639.246753247	160574.67532468
1499670.4935065	1552440.4155844	21652	160615.76623377
1500011.3670886	1552818.2531646	21652	160643.49367089
1499462.1038961	1552312.1038961	21663.038961039	160677.81818182
1499837.589404	1552720.6092715	21664	160705.58940397
1500120.6315789	1553054.8947368	21670.789473684	160747.26315789
1499649.7748344	1552618.3046358	21680	160778.14569536
1499932.6357616	1552939.7350993	21684.370860927	160808.21192053
1499763.5263158	1552824.5263158	21692	160843.31578947
1500205.3333333	1553290.9066667	21693.333333333	160864.8
1499982.1066667	1553131.8933333	21704	160913.78666667
1499597.6153846	1552771.2564103	21704.435897436	160934.20512821
1499890.3355705	1553116.3758389	21720	160964.99328859
1499449.6756757	1552709.2702703	21720	160995.59459459
1499797.9210526	1553113.6842105	21728.5	161033.55263158
1499956.1315789	1553315.4473684	21732	161069.71052632
1499765.0666667	1553169.5466667	21738.24	161109.17333333
1499660.5135135	1553091.8108108	21748	161119.54054054
1499478.1456954	1552955.7615894	21750.860927152	161163.97350993
1499174.9350649	1552696	21760	161197.06493506
1499151.7922078	1552694.025974	21760	161217.4025974
1498887.8933333	1552475.5466667	21772	161244.56
1499245.2894737	1552874.1578947	21776	161279.76315789
1499469.9612903	1553153.0322581	21785.264516129	161317.41935484
1499175.6410256	1552885.7692308	21788	161347.07692308
1498895.2418301	1552663.0065359	21794.274509804	161385.4379085
1499703.4509804	1553507.2679739	21800	161417.28104575
1499402.0387097	1553241.1870968	21803.225806452	161447.2
1499200.3612903	1553090.0903226	21816	161481.44516129
1499138.0526316	1553058.1578947	21816.473684211	161502.60526316
1498781.3509934	1552747.2317881	21828	161542.51655629
1498746.0392157	1552759.1895425	21828	161583.79084967
1499202.3576159	1553252.4238411	21838.410596026	161610.96688742
1499456.6842105	1553557.0526316	21844	161642.94736842
1499049.6	1553186.24	21851.68	161671.68
1499202.2165605	1553386.8789809	21856	161709.42675159
1498772.974359	1552988.4102564	21859.692307692	161738.05128205
1498645.5652174	1552910.3602484	21868	161774.1863354
1498857.6258065	1553156.5419355	21872	161800.46451613
1498533.4496644	1552892.7516779	21882.711409396	161849.42281879
1499089.3691275	1553468.590604	21884	161869.63758389
1498974.6753247	1553391.1428571	21892.103896104	161895.03896104
1498732.2147651	1553190.3087248	21896	161929.20805369
1498759.0065359	1553272	21901.359477124	161969.1503268
1499064.8627451	1553621.8039216	21912	162000.41830065
1498637.3157895	1553226.0789474	21913.815789474	162033.55263158
1498632.0263158	1553274.1578947	21924	162065.36842105
1498233.7631579	1552918.5526316	21924	162105.23684211
1498215.1292517	1552942.0952381	21936	162132.84353741
1498639.1111111	1553412.7320261	21940	162168.15686275
1498645.3783784	1553450.3243243	21948.891891892	162193.64864865
1498650.8378378	1553509.3783784	21952	162231.32432432
1498827.6052632	1553725.3684211	21957.842105263	162264.78947368
1498602.8724832	1553537.3959732	21964	162293.77181208
1498195.2156863	1553166.1960784	21970.745098039	162320.18300654
1498658.3466667	1553686.16	21980	162360.56
1498675.9466667	1553734.64	21980.08	162395.17333333
1498480.5298013	1553584.4768212	21992	162425.05960265
1498526.8421053	1553663.9473684	21992	162457.73684211
1498150.7114094	1553331.704698	22002.657718121	162492.67114094
1498400	1553624.8516129	22008	162523.45806452
1498184.0258065	1553453.4967742	22015.896774194	162553.47096774
1498190.2516556	1553489.192053	22020	162577.43046358
1497844.397351	1553185.1125828	22023.894039735	162614.67549669
1497810.6315789	1553205	22032	162652.31578947
1497495.9210526	1552919.3421053	22037.105263158	162677.44736842
1497829.28	1553300	22048	162707.49333333
1498221.0263158	1553728.4473684	22048	162743.52631579
1498187.8193548	1553746.1677419	22058.838709677	162775.92258065
1498332.6624204	1553926.343949	22060	162807.94904459
1497435.1111111	1553076.8104575	22072	162845.49019608
1497777.4039735	1553465.6953642	22076	162875.68211921
1498176.4266667	1553893.2	22081.2	162898.02666667
1498261.1503268	1554042.0915033	22088	162948.23529412
1497419.5263158	1553227	22090.763157895	162971.68421053
1497658.8533333	1553516.56	22100.48	163012.61333333
1497599.76	1553490.0266667	22104.48	163039.33333333
1497247.36	1553187.7866667	22116	163074.64
1497610.7567568	1553583.027027	22116	163103.67567568
1497593.3154362	1553614.6040268	22125.906040268	163135.1409396
1497628.2666667	1553686.2666667	22128	163164.34666667
1497312.2119205	1553413.589404	22139.470198675	163205.53642384
1496540.2051282	1552694.0512821	22144	163240.61538462
1497429.6603774	1553612.5031447	22147.094339623	163263.64779874
1497052.55	1553282	22156	163301.25
1497224.1806452	1553502.4774194	22156	163344.25806452
1497718.3243243	1554028.9189189	22171.513513514	163359.97297297
1497624.5866667	1553975.84	22172	163399.14666667
1497339.1483871	1553738.3741935	22180.438709677	163434.37419355
1497549.3154362	1553995.8120805	22184	163475.70469799
1497056.7631579	1553534.4736842	22189.921052632	163496.5
1497594.4266667	1554116.6933333	22196.453333333	163525.70666667
1497666.5032258	1554232.283871	22203.070967742	163561.05806452
1497265.6107383	1553872.9395973	22212	163590.20134228
1497382.4697987	1554020.9395973	22212.080536913	163620.02684564
1496859.3557047	1553567.4630872	22224	163667.30201342
1497181.7027027	1553916.1351351	22224	163694.05405405
1497083.3020134	1553869.0201342	22237.342281879	163719.40939597
1497243.8145695	1554074.013245	22240	163771.07284768
1496866.9530201	1553728.6711409	22246.040268456	163787.51677852
1497340.9150327	1554252.130719	22252	163828.02614379
1496761.2987013	1553702.9350649	22255.87012987	163855.55844156
1496951.2987013	1553946.7532468	22268	163898.96103896
1497296.0516129	1554319.5354839	22269.058064516	163919.12258065
1496272.9866667	1553332.9066667	22280	163930.24
1496990.8684211	1554085.8947368	22280	163963.07894737
1497051.1794872	1554187.2820513	22291.615384615	163995.46153846
1496742.6577181	1553915.704698	22292.402684564	164037.79865772
1496514.2631579	1553742.4736842	22304.763157895	164067.39473684
1496852.025974	1554118.3896104	22308	164096.46753247
1496407.9736842	1553715.4473684	22314.631578947	164131.81578947
1496257.12	1553607.76	22320	164174.90666667
1496350.3947368	1553742.0789474	22324.342105263	164202.84210526
1496915.7027027	1554349.8378378	22336	164224.13513514
1496447.4248366	1553928.6797386	22338.980392157	164264.36601307
1496681.3506494	1554212.7792208	22348	164298.54545455
1496406.987013	1553964.1038961	22348.233766234	164326.72727273
1496065.2026144	1553676.9150327	22360	164367.39869281
1496001.1764706	1553653.8300654	22363.973856209	164401.04575163
1495998.6666667	1553698.248366	22374.901960784	164432.99346405
1496302.4313725	1554043.4509804	22376	164464.96732026
1496733.9230769	1554511.9230769	22383.076923077	164488.23076923
1496341.8039216	1554174.9803922	22388	164536.54901961
1495685.1428571	1553543.8441558	22393.558441558	164558.5974026
1495886.2077922	1553796.2597403	22404	164592.23376623
1496058.6754967	1554000.8476821	22406.781456954	164617.00662252
1496157.6103896	1554147.5584416	22416	164654.23376623
1495706.4533333	1553724.7466667	22416	164680.26666667
1496101.7032258	1554178.7612903	22428	164724.59354839
1496020.1315789	1554138.8157895	22432	164761.15789474
1495878.4	1554035.9741935	22442.374193548	164786.47741935
1495631.4545455	1553822.9090909	22444	164816.57142857
1496388.5228758	1554624.6013072	22451.660130719	164847.68627451
1495930.4161074	1554212.9395973	22456	164885.90604027
1495883.8410596	1554208.1324503	22465.218543046	164919.39072848
1495679.8145695	1554039.0463576	22472	164948.13245033
1495609.6275862	1554012.0827586	22473.820689655	164984.02758621
1495570.6754967	1554015.5496689	22484	165011.36423841
1495465.4736842	1553946.1315789	22484	165041.47368421
1495862.32	1554391.5733333	22496.293333333	165069.92
1495761.5364238	1554328.1854305	22500	165107.68211921
1495683.6712329	1554296.9589041	22508.630136986	165141.7260274
1496057.0980392	1554721.751634	22512	165182.11764706
1495655.3557047	1554354.8993289	22516.751677852	165212.45637584
1495543.2	1554280.5066667	22524	165247.70666667
1495676.6535948	1554455.2156863	22529.568627451	165266.95424837
1495088.130719	1553902.5620915	22540	165291.58169935
1495400.9210526	1554255.4736842	22540	165327.39473684
1495156.6233766	1554053.012987	22552	165355.37662338
1495545.7483444	1554483.7880795	22552	165389.7218543
1495352.9536424	1554334.1721854	22565.509933775	165422.62251656
1495321.3066667	1554345.4133333	22568	165455.81333333
1495285.0196078	1554354.0915033	22574.509803922	165489.85620915
1495440.2597403	1554549.7922078	22580	165517.50649351
1494309.0666667	1553452.48	22585.28	165548.90666667
1495119.4133333	1554304.4533333	22592.426666667	165579.92
1495033.8933333	1554270.5066667	22598.133333333	165623.62666667
1495020.2432432	1554300.7027027	22608	165648.94594595
1494930.2162162	1554249.5945946	22608	165683.27027027
1494845.7631579	1554217.7368421	22619.973684211	165721.18421053
1495087.2108844	1554491.4013605	22620	165753.93197279
1495035.68	1554475.4933333	22633.12	165774.10666667
1494648.7532468	1554142.1038961	22636	165814.44155844
1494649.7297297	1554187.5675676	22642.648648649	165844.13513514
1494943.0933333	1554516.24	22648	165879.65333333
1494732.4444444	1554349.620915	22651.816993464	165908.10457516
1493878.4871795	1553541.3846154	22664	165954.82051282
1494413.2405063	1554111.6202532	22664	165978.73417722
1494746.6490066	1554485.2450331	22674.622516556	166008.31788079
1494880.2875817	1554654.5359477	22676	166036.67973856
1494805.1428571	1554635.3246753	22684.025974026	166084.23376623
1494606.5866667	1554474.88	22688.453333333	166113.25333333
1491738.5915493	1551648.8732394	22696.478873239	166137.54929577
1491590.248366	1551544.5751634	22704	166168.54901961
1491850.3466667	1551838.8266667	22706.24	166204.24
1491448.7891156	1551476.8979592	22716	166228.95238095
1491975.1946309	1552042.9261745	22716	166267.97315436
1491642.6486486	1551755.2162162	22731.513513514	166299.72972973
1491429.3691275	1551583.033557	22732	166328.34899329
1491971.7908497	1552176.1568627	22740.31372549	166366.5620915
1490967.9727891	1551220.952381	22744	166409.03401361
1491287.9470199	1551566.5695364	22748.052980132	166433.35099338
1491046.5165563	1551381.3509934	22759.973509934	166469.43046358
1491425.9060403	1551787.5167785	22760.724832215	166493.44966443
1491206.9798658	1551620.1073826	22772	166528.96644295
1491539.5496689	1551987.3642384	22772	166553.32450331
1491223.9194631	1551728.1610738	22782.845637584	166596.75167785
1491356.5454545	1551898.4675325	22784.441558442	166633.01298701
1490906.807947	1551472	22795.549668874	166640.37086093
1490871.1225806	1551475.2516129	22800	166677.29032258
1490831.9463087	1551469.8255034	22805.234899329	166701.98657718
1490811.9736842	1551498.8421053	22812	166741.81578947
1490872.2368421	1551608.3684211	22821.236842105	166770.34210526
1491085.0322581	1551859.9483871	22828	166805.03225806
1490666.2251656	1551490.6490066	22834.834437086	166836.37086093
1491028.6933333	1551889.0133333	22840	166862.74666667
1490391.9210526	1551295.3947368	22844.026315789	166899.84210526
1490962.7631579	1551914.6052632	22852	166934.47368421
1490926.1558442	1551920.6493506	22857.87012987	166967.84415584
1490495.6216216	1551531.3513514	22868	166999.78378378
1490780.1073826	1551851.7583893	22868	167036.4295302
1490659.7662338	1551783.1428571	22879.688311688	167071.92207792
1490308.3076923	1551467.9487179	22880	167102.43589744
1490727.9440559	1551928.6993007	22889.986013986	167128.61538462
1490445.8648649	1551680.5135135	22896	167153.32432432
1490767.8181818	1552054.3376623	22902.155844156	167196.18181818
1490131.6315789	1551457.9736842	22908	167230.28947368
1489276.6956522	1550656.3229814	22910.236024845	167272.1242236
1489691.6363636	1551103.038961	22920	167286.62337662
1490067.5870968	1551513.9354839	22924	167321.00645161
1490164.8741722	1551662.7284768	22933.536423841	167358.25165563
1490102.2550336	1551647.2214765	22936	167394.57718121
1490067.2368421	1551650.6315789	22943.026315789	167428.28947368
1489767.7880795	1551388.2649007	22948	167458.64900662
1490486.3835616	1552147.3150685	22956.602739726	167485.67123288
1490071.6291391	1551778.5960265	22964	167519.68211921
1489905.8630137	1551637.8630137	22965.726027397	167542.46575342
1490320.4722222	1552107.5	22976	167585
1490294.0789474	1552116.7105263	22976	167613.07894737
1490177.3061224	1552049.6870748	22988.054421769	167644.73469388
1489880.1891892	1551786.2972973	22992	167675.51351351
1489942.7651007	1551884.1610738	23000.375838926	167701.85234899
1489937.9096774	1551930.9419355	23004	167742.89032258
1490358.64	1552384.0533333	23010.24	167769.28
1490110.5503356	1552183.0067114	23016	167810.63087248
1489764.3708609	1551885.1390728	23023.311258278	167843.54966887
1489995.4248366	1552160.8888889	23032	167874.22222222
1489765.8947368	1551968.9473684	23032.315789474	167906.76315789
1490362.4055944	1552611.8321678	23044	167935.21678322
1489323.6129032	1551594.8129032	23044	167961.96129032
1489410.7189542	1551718.379085	23057.647058824	167978.09150327
1489063.0540541	1551411.8378378	23060	168011.43243243
1489605.6578947	1551996.1052632	23067.473684211	168047.84210526
1489629.7567568	1552061.9189189	23072	168079.81081081
1489895.76	1552362.1333333	23076.933333333	168104.34666667
1489369.2987013	1551889.2207792	23084.467532468	168146.54545455
1489378.4415584	1551934.4935065	23091.116883117	168178.05194805
1489430.9668874	1552032.0529801	23100	168207.39072848
1489363.5	1552006.3157895	23100.921052632	168244.13157895
1488720.2147651	1551410.7651007	23112	168271.46308725
1489474.7631579	1552198.7894737	23112	168305.84210526
1489542.4415584	1552312.0519481	23127.272727273	168337.11688312
1488943.4509804	1551761.9084967	23128	168383.60784314
1488642.8	1551500	23137.12	168416.29333333
1488483.4968553	1551392.6289308	23140	168448.93081761
1488600.7741935	1551533.4709677	23145.341935484	168461.13548387
1489111.4210526	1552094.3947368	23156	168507.02631579
1488772.4415584	1551799.1428571	23156	168541.24675325
1489582.1176471	1552652.9934641	23168	168567.03267974
1488737.0457516	1551841.0457516	23168	168599.84313725
1489175.9466667	1552318.48	23178.96	168626.66666667
1488754.2077922	1551938.5974026	23180.415584416	168666.46753247
1488935.6734694	1552171.4013605	23192.734693878	168699.07482993
1488814.3741935	1552095.6645161	23196	168737.34193548
1488788.7297297	1552106.6216216	23202.405405405	168764.10810811
1488377.1351351	1551740.6216216	23208	168802.83783784
1488473.6712329	1551874.3013699	23211.863013699	168829.47945205
1488911.1578947	1552365.8157895	23224	168868.02631579
1488532.4768212	1552009.218543	23227.01986755	168885.13907285
1488582.3013699	1552118.1917808	23236	168927.26027397
1488599.6778523	1552163.7315436	23237.852348993	168949.66442953
1488454.1038961	1552063.038961	23248	168985.16883117
1488526.3733333	1552177.92	23251.973333333	169020.61333333
1488626.9866667	1552322.1866667	23263.973333333	169047.49333333
1488570.6308725	1552312.3758389	23264	169089.93288591
1488496.3421053	1552282.5	23273.947368421	169123.73684211
1488198.0939597	1552021.0469799	23276	169154.33557047
1487934.6394558	1551796.4897959	23282.802721088	169181.63265306
1488377.8082192	1552289.5616438	23292	169215.56164384
1488361.7218543	1552304.1059603	23294.993377483	169243.52317881
1488206.9736842	1552197.5263158	23304	169284.63157895
1487888.1548387	1551909.0580645	23304.464516129	169309.96129032
1488205.1578947	1552257.1315789	23316	169328.73684211
1488405.5	1552501.1578947	23320	169359.07894737
1488206.3529412	1552351.5555556	23331.137254902	169391.7124183
1487875.3931034	1552064.8275862	23332	169433.10344828
1487941.2885906	1552166.1744966	23339.973154362	169452.18791946
1487715.3464052	1551974.8235294	23344	169485.30718954
1488189.55	1552494.35	23353.175	169525.8
1487682.6751592	1552032.3821656	23360	169553.88535032
1487591.25	1551976.65	23360	169587.8
1488591.6842105	1553019.4210526	23372	169620.44736842
1487621.0596026	1552093.1390728	23372	169649.93377483
1487961.7449664	1552477.0738255	23382.147651007	169686.81879195
1487744.8211921	1552299.8940397	23388	169715.44370861
1488232.8157895	1552827.6315789	23394.710526316	169743.52631579
1487389.5	1552031.0526316	23400	169781.92105263
1487036.3783784	1551721.0810811	23404.135135135	169816.2972973
1487767.8933333	1552491.76	23412	169845.33333333
1487445.5844156	1552212.3116883	23417.714285714	169884.25974026
1487218	1552037.2266667	23428	169924.24
1487578.0134228	1552416.7248322	23428	169935.97315436
1487343.9470199	1552242.5695364	23443.682119205	169982.96688742
1487458.6842105	1552400.7105263	23448	170011.47368421
1487253.2266667	1552238.48	23461.04	170041.54666667
1487511.2258065	1552546.8387097	23464	170082.47741935
1487439.3288591	1552518.9261745	23470.765100671	170118.28187919
1487040.2894737	1552162.9736842	23476	170149.81578947
1487299.12	1552460.4266667	23479.973333333	170185.65333333
1487402.2013423	1552605.1543624	23488.402684564	170213.39597315
1487581.2631579	1552825.9736842	23493.5	170245.18421053
1487229.4666667	1552515.8133333	23504	170275.49333333
1487303.5973154	1552639.7852349	23504	170313.93288591
1487145.1655629	1552512.7417219	23515.364238411	170337.16556291
1487851.0909091	1553271.3246753	23516	170381.14285714
1487436.3708609	1552892.9801325	23528.026490066	170404.71523179
1486706.6153846	1552203.8461538	23532	170438.82051282
1487127.1111111	1552670.3006536	23536.862745098	170474.58823529
1487117.4102564	1552704.0512821	23544	170508.30769231
1486695.2679739	1552316.1568627	23546.823529412	170538.03921569
1486852.5526316	1552523.8157895	23560	170565.05263158
1486828.2091503	1552529.3594771	23561.333333333	170603.94771242
1486904.0264901	1552663.3377483	23572	170636.55629139
