122752
122752
122752
122752
122752
122752
122752
122752
122752
122752
122752
122752
122752
122752
122752
122752
122752
122752
122752
122752
122752
122752
122752
122752
122752
122752
122752
122752
122752
122752
122752
122752
122752
122752
122752
122752
122752
122752
122752
122752
122752
122752
122752
122752
122752
122752
122752
122752
122752
122752
122752
122752
122752
122752
122752
122752
122752
122752
122752
122752
122752
122752
122752
122752
122752
122752
122752
122752
122752
122752
122752
122752
122752
122752
122752
122752
122752
122752
122752
122752
122752
122752
122752
122752
122752
122752
122752
122752
122752
122752
122752
122752
122752
122752
122752
122752
122752
122752
122752
122752
122752
122752
122752
122752
122752
122752
122752
122752
122752
122752
122752
122752
122752
122752
122752
122752
122752
122752
122752
122752
122752
122752
122752
122752
122752
122752
122752
122752
122752
122752
122752
122752
122752
122752
122752
122752
122752
122752
122752
122752
122752
122752
122752
122752
122752
122752
122752
122752
122752
122752
122752
122752
122752
122752
122752
122752
122752
122752
122752
122752
122752
122752
122752
122756
122756
122756
122756
122756
122756
122756
122756
122756
122756
122756
122756
122756
122756
122756
122756
122756
122756
122756
122756
122756
122756
122756
122756
122756
122756
122756
122756
122756
122756
122756
122756
122756
122756
122756
122756
122756
122756
122756
122756
122756
122756
122756
122756
122756
122756
122756
122756
122756
122756
122756
122756
122756
122756
122756
122756
122756
122756
122756
122756
122756
122756
122756
122756
122756
122756
122756
122756
122756
122756
122756
122756
122756
122756
122756
122756
122756
122756
122756
122756
122756
122756
122756
122756
122756
122756
122756
122756
122756
122756
122756
122756
122756
122756
122756
122756
122756
122756
122756
122756
122756
122756
122756
122756
122756
122756
122880
122756
122880
123004
123004
123128
123128
123128
123376
123252
123376
123376
123376
123376
123376
123388
123388
123388
123388
123388
123388
123388
123388
123388
123388
123388
123388
123512
123512
122924
122924