111394.607720	84,921	18,165	1,544	122.417833332	0.0466726051842992
111949.073092	79,298	18,260	1,655	123.102566010	0.0391705002021593
104912.014044	89,140	17,814	1,620	115.671678005	0.0334410542943925
92068.941755	57,467	15,587	1,405	101.467258498	0.0453219825402446
116364.709450	64,243	19,641	1,892	128.503270841	0.0814396662995559
69529.235302	54,316	11,523	1,052	76.555654654	0.17613515680095
107694.734495	53,671	18,049	1,667	118.616728064	0.153705671272727
83588.969033	67,560	14,196	1,274	91.901347448	0.156742957862031
120417.369007	56,802	20,231	1,830	132.441221140	0.139856564869219
91385.374641	53,764	15,360	1,352	100.565701038	0.137518783609483
126525.376008	54,718	21,309	1,843	138.969796511	0.125398382289115
96470.073733	67,631	15,778	1,110	107.391804449	0.124825781025997
87169.730056	63,369	14,537	1,186	96.422762315	0.124646742304432
118644.620415	60,565	20,027	1,793	130.523842264	0.114519195280503
105465.970324	48,337	17,810	1,508	116.178429440	0.11582569518454
116191.694627	66,256	19,499	1,731	127.919699013	0.116399211223959
113156.190420	66,552	19,076	1,642	124.627829916	0.105834970203394
107816.102819	56,766	17,653	1,424	118.252021582	0.102748378236451
114568.484931	60,480	19,216	1,542	125.926015502	0.100333149302485
102017.664329	62,020	17,176	1,464	112.072341040	0.104549064854166
107406.379420	64,770	17,907	1,514	117.978298325	0.100243643631425
124676.466009	66,589	20,688	1,848	136.970950779	0.115917748177678
83088.701898	52,313	13,954	1,176	91.388822885	0.108925516703932
98785.488583	52,381	16,584	1,444	108.747979951	0.106023624848576
121104.511179	56,694	20,635	1,699	133.050850479	0.0984684790629223
111481.146645	95,907	18,742	1,596	122.813462857	0.103433672960298
99894.491151	59,138	16,518	1,299	109.928603400	0.10232460939032
117407.940921	53,010	19,283	1,562	129.015006743	0.096188891122858
132925.122422	48,659	22,435	1,822	146.371740006	0.0950267036867284
106765.150698	51,944	17,768	1,409	117.352167150	0.0938917960907586
75824.306985	51,456	12,383	926	83.346579849	0.0911153884040364
121278.066579	55,651	19,960	1,616	133.357592701	0.0906113145051365
94432.133286	61,048	15,502	1,283	103.989508948	0.0883940687358439
106414.940619	87,274	17,761	1,458	116.907058685	0.0915131599727087
100398.653619	69,915	16,496	1,390	110.513079799	0.10859509779252
99210.465314	77,487	15,571	1,044	110.372135823	0.102326939078041
105675.602121	50,936	17,207	1,381	116.252963384	0.102071253615348
118622.377272	55,216	19,496	1,539	130.298772660	0.104275528088207
85241.619632	95,468	13,967	1,134	93.732981581	0.0948717359760948
88659.137406	52,940	14,677	1,199	97.550895565	0.109611396410344
100365.414473	68,348	16,590	1,348	110.267903641	0.119451710932036
86852.073092	57,187	14,051	1,077	95.253531320	0.127817235826018
86419.743863	55,236	13,923	1,073	94.737232814	0.016315073002933
96356.549529	48,907	15,982	1,246	105.810586926	0.0213403254312663
105801.619161	71,925	17,233	1,295	116.255635824	0.0375475232736903
106618.175825	54,246	17,660	1,333	117.133996528	0.0352542543513205
83359.181506	50,308	13,629	1,070	91.416134186	0.0447676968665894
95543.086371	50,564	15,568	1,151	104.902844482	0.044890732185967
113320.577578	72,533	18,490	1,494	124.642431393	0.048146737854985
109026.774932	55,144	17,984	1,448	119.691804382	0.044243095079339
119716.834074	68,857	19,152	1,473	131.391883202	0.0500129988134524
104053.437212	57,948	17,110	1,333	114.338130655	0.0523135794943445
79891.151652	51,303	12,939	925	87.606370600	0.0552713326333949
79732.951930	54,582	12,769	945	87.501079813	0.0877544418523924
102662.752567	76,668	16,597	1,292	112.913396848	0.092731715954143
104550.953454	56,155	17,018	1,321	114.944425673	0.0984373143476894
108190.226182	82,571	17,620	1,335	118.729861993	0.0992534513114614
92057.984559	83,301	15,423	1,183	101.216462808	0.0940234545336242
80106.433622	55,185	12,955	886	87.827889458	0.0949872544497649
109775.631875	59,176	17,918	1,385	120.408911134	0.0965238051024638
71642.849160	59,743	11,523	871	78.585768014	0.0890897907399403
90044.222324	76,871	14,957	1,140	98.932053980	0.111758177219806
90936.121216	59,876	14,629	1,025	99.704830133	0.111887380182467
109312.833736	70,366	17,615	1,257	119.849201191	0.115409957180124
101237.528280	48,665	16,389	1,148	111.062566159	0.111231835093071
80786.942441	54,528	13,044	965	88.603415245	0.108850504536595
93005.043834	59,085	14,928	1,138	102.101892890	0.109686751255165
98723.750755	51,055	15,746	1,221	108.363246133	0.108363492434913
96319.182081	71,623	15,592	1,097	105.807313046	0.105131846904259
83096.683888	71,018	13,793	1,079	91.113756217	0.103849154927726
106133.698251	58,294	17,153	1,377	116.415498694	0.103345065151295
98733.062402	57,618	16,220	1,227	108.146379645	0.104512283687065
99116.387154	46,627	16,190	1,257	108.702802670	0.103504657618356
78133.979371	61,428	13,030	1,010	85.896814716	0.100007283598586
109183.509605	53,511	17,670	1,306	119.679360984	0.115628488789764
106798.481046	122,359	17,466	1,384	117.054634778	0.104865408139891
102761.136425	58,440	16,985	1,281	112.663774507	0.120423432594933
103166.777170	58,516	17,112	1,284	113.133754729	0.109803787391488
81115.173712	60,250	13,149	969	88.921099517	0.111700436145861
89406.748467	48,215	14,591	1,106	98.032004510	0.108017483751381
87699.512212	56,411	14,289	1,176	96.201414184	0.111714746567457
89734.673369	55,341	14,862	1,134	98.524584275	0.112115145013212
83827.694305	53,456	13,898	1,055	91.882857306	0.110828919089988
85529.901552	64,152	14,038	995	93.753011820	0.111088155231
113117.238160	70,313	18,722	1,407	124.226947553	0.0488520019548935
116719.429498	53,672	18,884	1,355	127.992485775	0.0482364701287858
117188.487746	54,128	18,902	1,332	128.421792540	0.0553535700055454
113390.477102	56,348	18,421	1,323	124.454288353	0.0572305436637022
118187.287945	61,560	18,889	1,238	129.476180196	0.0735076163452106
97631.251165	58,623	15,729	1,192	107.147860176	0.0637483065132529
123810.504114	53,787	20,222	1,489	135.942994262	0.134488175982653
119100.219476	58,539	19,190	1,443	130.897252586	0.0732038388302861
108594.163015	72,732	17,587	1,241	119.055381357	0.0553110562725887
68921.808100	60,493	11,030	845	75.804785851	0.0903932918259549
77749.049714	53,933	12,565	909	85.145223997	0.142314790880594
71081.083053	56,329	11,689	911	78.032739627	0.160153152646634
119256.175725	57,740	19,329	1,363	130.753477013	0.126342038182421
116946.955056	51,858	19,012	1,347	128.198720890	0.122360289859333
115398.407152	68,286	18,635	1,363	126.455690774	0.128354971512547
110736.111617	66,278	17,552	1,183	121.396395655	0.153569027927763
112809.376620	55,891	17,554	1,076	123.304230422	0.123798496468824
98942.656566	54,713	15,736	1,054	108.389921601	0.124901822498088
89519.594187	49,153	14,279	979	98.114535676	0.126875740888994
108103.090332	68,314	17,555	1,211	118.444892195	0.12262714896527
119887.892773	53,337	19,575	1,466	131.605622491	0.12134322567193
72614.885461	75,007	12,099	903	79.908963260	0.118050498863239
120369.487795	96,646	19,622	1,539	132.253684001	0.127269513325838
115221.490848	62,084	18,975	1,453	126.642039690	0.127050730133771
98895.935019	63,201	16,376	1,278	108.645653202	0.12764877381025
73355.348446	58,512	11,931	938	80.589756243	0.117265320354518
91545.769278	55,175	14,559	1,027	100.244664375	0.118210383559235
124119.608671	65,034	20,659	1,560	136.426797981	0.114524259970128
80219.291174	51,334	13,259	994	88.020763138	0.11251079704479
118941.194806	53,784	19,578	1,432	130.549535709	0.104354822810476
122623.341556	60,256	19,994	1,498	134.456704619	0.102315368556234
70448.847902	56,665	11,467	833	77.227305791	0.106542287274986
107152.411454	51,536	17,237	1,287	117.361018806	0.0996402758164941
118138.143122	68,405	19,471	1,516	129.723877674	0.0978311642791163
69947.423394	53,163	11,385	861	76.575319374	0.102441562378989
128157.225288	56,471	21,483	1,652	140.410323766	0.110127162340314
70568.668259	60,874	11,879	920	77.316543320	0.0994734513446731
120143.198576	69,660	19,453	1,556	131.659446358	0.0976410844673789
119242.661188	78,418	19,468	1,581	130.645860054	0.114848764397504
112374.657183	67,431	18,347	1,432	123.235031370	0.104094267036633
116257.221261	81,390	19,094	1,417	127.390649134	0.116940609816479
78162.225892	49,784	12,613	958	85.700941241	0.110942127850629
84762.866072	49,514	13,814	1,037	92.924995388	0.0143381278408984
67781.733637	65,029	10,776	712	74.315488990	0.00879833184653036
90968.936410	56,921	14,695	1,133	99.767757027	0.0381809660333492
88928.593972	85,729	14,309	1,133	97.568179593	0.0814014491788967
108796.426205	69,786	17,415	1,261	119.271037872	0.114605022672418
76760.311394	62,243	12,393	987	84.201407516	0.0469286467553257
91015.184747	53,321	14,662	1,082	99.678721435	0.066993418202112
100970.300947	66,018	16,175	1,158	110.626694740	0.0950619553020809
84502.931965	62,228	13,423	1,051	92.525006240	0.0540797464812657
94476.669721	54,129	15,367	1,205	103.594346947	0.0783884220215602
87265.258729	60,865	14,066	1,065	95.613092585	0.09532832348935
66318.013222	57,288	10,668	786	72.651414911	0.0810950117872619
111504.522421	63,395	18,022	1,439	122.306555070	0.0990140380684008
117260.444132	55,854	18,421	1,470	128.546457750	0.104228476377738
119109.197500	82,192	19,087	1,451	130.469427654	0.120201222170259
93229.392773	74,747	15,181	1,137	102.245480345	0.132337879456095
103328.377566	71,968	16,653	1,256	113.235314415	0.154176240038501
95155.123118	72,402	15,494	1,219	104.340376466	0.174442809786154
85042.551666	51,507	13,660	1,052	93.280577163	0.143493566882707
88016.050075	78,833	13,941	1,019	96.390581373	0.147078182450854
107839.039415	55,340	17,175	1,255	118.111661234	0.148379351338979
106498.425444	52,242	16,773	1,305	116.671841200	0.14797325741426
89511.737227	57,815	13,758	1,013	98.021353193	0.131182730757368
111941.062145	77,615	17,419	1,314	122.628751060	0.145731848099935
87996.693180	57,024	13,737	1,022	96.306161543	0.131504616873677
113076.815899	47,692	17,307	1,253	123.544049344	0.162556883644025
73354.937242	56,537	11,785	917	80.427569443	0.14478834579
85953.212752	61,345	13,385	994	94.100375507	0.134527429954285
113107.892438	64,865	17,529	1,358	123.914064783	0.14023329949528
103908.434323	46,747	16,666	1,298	113.908129083	0.14482095652982
111258.029219	55,820	17,490	1,254	121.679080470	0.14533863307794
95368.995103	53,322	14,760	1,128	104.325826475	0.124067977555649
75761.426755	54,913	11,436	830	83.052151712	0.132488975472123
122738.728449	47,866	18,907	1,303	134.071260207	0.146548577417849
81089.969952	48,778	12,483	848	88.578063716	0.132953358787849
111891.605093	52,500	17,459	1,203	122.318264018	0.138666701568073
102880.806253	54,165	15,779	1,064	112.396644106	0.152451743500237
126070.430843	69,746	19,634	1,354	137.936268641	0.157406846031818
126168.509878	53,872	19,491	1,353	138.000743940	0.159102282911711
75566.599809	54,086	11,686	873	82.714648246	0.140122726277448
113716.571034	56,156	18,046	1,323	124.618374630	0.149370053842297
122265.163978	65,263	19,527	1,471	134.095120520	0.142593002835314
64748.049371	59,753	10,135	708	70.895662253	0.084343631989761
118231.018052	49,403	18,512	1,467	129.619938115	0.0264837976612946
75198.824969	53,832	11,791	930	82.540412722	0.0579200645594703
76782.534181	59,913	12,158	898	84.212598853	0.0686729804984258
65977.241920	57,468	10,444	798	72.329690578	0.0889919120178221
93966.735323	59,859	14,718	1,153	103.221277214	0.0752060422821162
99303.637721	61,180	15,409	1,171	108.835851913	0.071894627442642
85232.453868	73,189	13,766	1,039	93.392696424	0.0694662547616909
76956.920230	59,323	12,326	975	84.436434511	0.07413524194413
114350.653993	55,716	18,066	1,324	125.307378219	0.0676269081272776
78788.192422	57,550	12,626	946	86.392612244	0.0710074032080967
125723.680323	54,799	19,706	1,463	137.659299472	0.0655651335449378
128189.389142	72,174	20,146	1,577	140.324400771	0.171610749714793
105870.271100	66,760	16,968	1,348	116.099198875	0.0620808539148167
108853.806769	56,865	17,255	1,247	119.493264800	0.220468038717214
114550.238200	87,415	17,880	1,267	125.458031587	0.139328261907183
100880.104056	67,569	15,761	1,153	110.562714668	0.121610495506078
94670.331295	48,597	14,895	1,118	103.839861649	0.102736993204043
93286.934370	59,547	14,808	1,174	102.316210156	0.109446732922479
111915.290547	51,071	17,844	1,335	122.773912131	0.119646931474422
129527.646680	61,563	20,442	1,542	141.936918210	0.142435845452284
73195.949669	64,304	11,660	874	80.191663725	0.107012213806795
72049.399213	59,935	11,211	859	79.016020570	0.108115334376309
72801.786067	72,393	11,686	913	79.927494366	0.118979704389353
118028.108000	97,429	18,611	1,384	129.314107122	0.14441151566744
123379.928739	52,639	19,330	1,567	135.390875857	0.147726554365817
80641.548011	66,960	12,971	866	88.259431777	0.164618491244436
109112.182705	81,434	17,560	1,367	119.681758524	0.144942898974246
127323.511260	58,345	20,246	1,590	139.809645667	0.144384843690732
115604.530267	66,957	18,697	1,435	126.945239365	0.148055936389149
83070.564489	51,326	13,266	1,011	91.073862327	0.144159842198668
109919.941963	71,314	17,340	1,252	120.347211107	0.139781539265173
71440.190254	46,680	11,305	819	78.292021908	0.106801692339988
71568.678990	52,808	11,475	834	78.580721187	0.105075004639691
86566.931934	66,959	13,869	1,094	95.096963244	0.135209880008209
105302.103981	56,261	16,762	1,208	115.410924653	0.135779998256341
91499.793426	49,243	14,798	1,135	100.514265545	0.138975805709477
121746.976853	73,699	19,273	1,416	133.498546049	0.141266439491428
124186.313557	52,335	19,497	1,541	136.336005514	0.130421330799643
125894.365026	59,292	20,160	1,520	137.951919447	0.132409878055654
79026.127543	58,896	12,613	979	86.741587532	0.132508569750706
81212.505143	69,203	12,914	998	88.941764708	0.139648062656619
81241.599581	51,081	12,983	1,002	89.134116612	0.0431946153647005
123989.411724	73,738	19,468	1,445	136.039598760	0.0446396223530979
91920.863843	51,543	14,416	1,061	100.819866866	0.0377811287255566
77554.698000	60,713	12,203	910	85.045037258	0.0401371978297018
116130.622899	64,924	18,282	1,393	127.162656699	0.0613495829668811
117766.142654	66,118	18,769	1,434	129.046976687	0.0566877937254554
119413.859384	59,866	18,667	1,308	130.730107461	0.0591060555113827
114488.033746	90,022	18,460	1,404	125.705690704	0.0659544632168441
93532.039588	54,365	14,716	1,092	102.513785545	0.0609505266418831
77553.378400	47,580	12,109	899	84.983610242	0.050862846251899
111734.018221	67,752	17,710	1,365	122.609681359	0.0603502401636912
128089.796465	69,443	20,116	1,438	140.282057854	0.0749486244288407
112813.044791	76,116	17,815	1,340	123.696392166	0.0803862502704388
116376.195984	50,774	18,163	1,417	127.553480691	0.0797012368199063
120090.203975	57,525	19,322	1,433	131.742001178	0.0818819419109335
112098.681630	79,582	17,682	1,298	122.753931074	0.0691427929763183
124039.893027	66,898	19,598	1,511	136.115315782	0.0721706179741675
76441.280243	54,769	12,319	915	83.802909520	0.0757546464068015
118178.330501	61,606	19,058	1,430	129.608657432	0.0827238665383987
73614.371337	63,066	11,793	945	80.932289156	0.111315019506253
73376.846112	47,469	11,691	899	80.359960692	0.141797376181154
119473.089471	52,162	19,070	1,483	131.028557891	0.101320140648838
93231.961224	61,133	15,063	1,093	102.103944670	0.114998767599315
120271.765973	92,364	19,247	1,454	131.942957667	0.106380272860003
115456.852782	61,874	18,342	1,394	126.580021562	0.11767120573555
103150.115893	51,511	16,643	1,267	113.132346289	0.118003160030324
88293.355898	49,698	13,800	1,014	96.806971869	0.15833526158137
70982.915717	56,277	11,117	790	77.659276398	0.101243738029981
113345.708465	54,484	17,859	1,287	124.310151894	0.121234112538381
85385.101020	51,318	13,716	1,031	93.717926512	0.14660925895958
104817.839160	72,239	16,477	1,155	114.814675212	0.197260579420177
79172.594056	49,340	12,269	854	86.665944380	0.147979336582346
77903.826992	47,907	12,082	951	85.415958417	0.140531402750853
89914.540775	50,349	14,013	973	98.487434730	0.130209374646703
72485.572919	52,716	11,380	861	79.518896671	0.104884838163684
78531.071088	51,095	12,486	930	86.002095740	0.122144289273172
89826.927197	71,616	14,189	1,010	98.344936747	0.143565477879693
72798.337417	53,955	11,334	888	79.856384770	0.0993002561583619
111637.070413	70,862	17,473	1,279	122.244261501	0.144257668549841
75964.464554	58,017	11,961	922	83.296283417	0.128684010065321
120200.107055	51,423	18,766	1,397	131.556445434	0.14157848075579
69770.456363	48,922	10,910	799	76.456947681	0.11628479027251
75103.201843	54,410	11,721	942	82.442733624	0.0262305137671086
114933.382084	77,550	17,647	1,282	125.770447667	0.0199570151548198
101283.299282	56,295	15,683	1,064	110.699300201	0.016475690381439
85222.824894	50,147	13,487	936	93.414985227	0.0140720489686284
91586.469366	63,550	14,304	1,041	100.326659134	0.0325434859302898
90247.233478	58,018	13,856	962	98.776540921	0.0725795573350913
96153.885493	52,035	15,100	1,171	105.434828175	0.0651181190775561
80190.339662	60,906	12,572	850	87.761880212	0.0715309313065794
100642.501297	48,741	15,732	1,174	110.222437898	0.0635325775687461
67133.570425	65,946	10,331	745	73.550765230	0.0800370381448972
78357.523767	52,349	12,016	860	85.725995667	0.060414884098409
114539.949049	53,701	17,419	1,132	125.195286012	0.0472035771409827
118449.661611	52,188	18,101	1,294	129.578629447	0.0348526779524991
104906.520820	62,828	16,256	1,135	114.823978219	0.0408773255196582
66916.898363	54,581	10,531	753	73.254133909	0.0642901576503285
97070.374197	53,166	14,873	1,017	106.060253595	0.099919048564476
76204.608204	69,718	11,847	815	83.330200162	0.104053310810496
112958.895950	47,930	17,716	1,266	123.835287415	0.136196732495489
104330.535563	47,604	16,056	1,103	114.096442744	0.101477853042857
99440.858241	56,353	15,553	1,115	108.747594907	0.124734103288742
105447.599827	54,668	16,264	1,293	115.692057733	0.115113463782141
90576.202135	52,876	13,999	1,039	99.268997080	0.102063221558458
91666.906692	55,397	14,439	1,051	100.311222112	0.0991543807056174
98168.437047	66,336	15,260	1,019	107.303729473	0.110553966017643
95288.380855	46,689	14,664	979	104.245111553	0.0987387316262813
109594.885440	46,674	17,310	1,243	120.051937714	0.0831718919513316
95128.033194	51,063	14,586	1,047	104.188178431	0.117182240767272
114367.790938	98,503	17,846	1,312	125.094471599	0.101294352479523
117021.935678	50,367	18,075	1,293	128.016548590	0.078289657291584
83492.405214	58,810	12,834	854	91.324080122	0.141878557761734
123862.001160	55,482	19,157	1,306	135.407126180	0.103356852955333
95459.108867	53,820	14,897	1,028	104.604291179	0.10810507069624
91090.523550	56,357	14,021	986	99.608957522	0.107178006310736
116418.813264	58,948	17,611	1,134	127.106188095	0.116171257177309
92884.438965	53,352	14,331	1,005	101.409972951	0.111262421139489
82951.867619	54,999	12,452	770	90.534838539	0.107413411759749
105176.531079	64,895	16,265	1,085	114.985117558	0.0941331626228103
114652.029282	62,664	17,506	1,262	125.569498429	0.101793544263827
102723.836624	51,210	15,661	1,002	112.201064157	0.120555080022501
106790.378993	47,935	16,571	1,168	116.953652628	0.105198147523806
119914.048071	56,670	18,656	1,263	131.036774830	0.118283287811248
78896.895657	47,744	12,278	882	86.448617603	0.0988383516312727
107815.051020	54,296	16,709	1,184	117.889294298	0.0273637495402774
97745.342065	59,400	15,219	1,057	106.955580131	0.0415699294495224
119666.063146	60,217	18,393	1,344	130.915515615	0.0492159807320067
92432.624625	54,007	14,233	920	100.969669701	0.0700660693546278
73967.816269	59,533	11,247	798	81.084961921	0.0674487400027993
99137.961957	58,607	15,293	968	108.348423096	0.0220216059153082
109587.552684	52,523	16,704	1,033	119.714812543	0.0171085208221632
80784.774485	67,400	12,101	723	88.065111850	0.025702764549005
90842.925853	70,636	14,145	959	99.394108241	0.128845942205369
124932.853315	72,649	19,348	1,327	136.691854879	0.0389274068079326
106841.838929	66,855	16,589	1,156	116.991482073	0.123548562326885
126921.297268	64,691	19,883	1,374	138.957795247	0.146694560902685
130227.869536	85,171	20,321	1,399	142.416358139	0.124171706505772
90614.668641	69,012	13,837	872	99.094065876	0.136459485714509
116434.944481	53,236	18,556	1,385	127.747513177	0.135801402396118
126518.667548	78,585	20,134	1,425	138.632586048	0.0687642572858663
118999.351180	83,181	19,165	1,447	130.332688778	0.0776382600269334
123167.159031	56,013	19,797	1,462	135.186029091	0.104143475998321
89321.150472	60,555	14,465	1,127	97.911600928	0.115970424233437
113205.361932	64,454	17,870	1,336	124.055419114	0.146326967086534
80516.377803	56,359	12,584	810	87.915239980	0.124534660178492
128400.210833	61,900	20,117	1,532	140.590778878	0.163204918882383
78137.722452	52,415	12,726	958	85.616295512	0.114186103260097
112879.137727	50,544	17,739	1,294	123.404351767	0.119138134954441
117513.667529	49,775	18,655	1,518	129.019423156	0.156879805922787
106154.823721	64,527	16,730	1,251	116.255148415	0.112577802287266
102798.425925	63,229	16,200	1,177	112.523159918	0.111342101945913
131800.621148	47,884	21,276	1,620	144.410563723	0.10451078476841
140875.316571	52,752	2,179	145	142.115938304	0.0983252067448536
105710.346137	54,762	16,928	1,493	116.071506639	0.0988433314161537
121076.315741	56,060	19,727	1,662	132.440197600	0.0949183377055575
74876.689280	63,982	12,398	1,109	81.875688630	0.116637980645201
132650.535562	71,522	21,609	1,881	145.046219148	0.10570287564133
121318.143594	95,077	20,327	1,760	132.942146341	0.102401728258605
125594.365646	51,061	20,878	1,744	137.477383677	0.104531481060238
88806.712827	70,264	14,746	1,295	97.331868726	0.108282806048012
76473.502739	49,877	12,654	1,051	83.681509292	0.13114262058274
100359.733462	50,413	16,132	1,346	109.614282643	0.100292050974977
72847.398047	60,493	11,645	1,002	79.667757166	0.119333191415709
109081.915358	70,497	17,668	1,532	119.430788568	0.108359676450269
86202.705906	57,461	14,063	1,198	94.459187505	0.104863994470553
95084.145463	60,903	15,629	1,350	104.187180992	0.0992361318346052
87027.976712	53,271	14,176	1,180	95.387091496	0.0795187531416834
100755.362217	73,225	16,170	1,430	110.365387733	0.0630960258433963
106017.846681	54,975	17,605	1,579	116.365947689	0.0505529283504182
100177.343367	65,790	16,122	1,395	109.588282477	0.0423430647900235
112686.583484	72,871	18,762	1,665	123.698604702	0.0424748626185957
121282.626121	58,314	19,953	1,834	133.061034199	0.0469581216702999
78099.859001	69,696	12,906	1,183	85.794511827	0.0572485593091285
79323.481104	57,608	13,407	1,211	87.134738385	0.0428078422075553
120521.796267	57,944	19,661	1,718	132.073520166	0.0889315933964471
89226.833580	56,583	14,819	1,277	98.005813852	0.0864839018196732
109561.810854	65,458	17,919	1,499	119.911557503	0.0931718564807658
87519.489830	82,143	13,976	1,272	96.035305733	0.0887553253319168
118665.056176	52,330	19,835	1,682	130.262277006	0.1849033491003
77211.650142	67,718	12,533	1,083	84.633176668	0.146997655289875
90330.819300	54,841	14,992	1,376	99.209587863	0.146627258860021
96872.669620	59,102	15,478	1,368	106.235985444	0.13959998519727
122509.626826	46,710	20,343	1,741	134.221494920	0.124177000644334
93173.771220	67,660	15,598	1,271	102.380391200	0.125328243145409
104164.996608	55,036	17,409	1,451	114.237174009	0.143266526436213
109740.493029	74,022	18,372	1,583	120.448375135	0.143521792544117
96535.512074	65,617	15,714	1,356	105.888880312	0.12268224349577
88540.312083	64,176	14,577	1,178	97.396484843	0.116725678759302
88438.569708	63,928	15,034	1,261	97.021494072	0.116175799160067
66700.684948	49,771	10,975	921	73.063885328	0.121118943270327
107385.714355	57,978	17,440	1,493	117.696522009	0.117345512628294
88864.060827	64,271	14,823	1,258	97.381948069	0.119609505957483
71245.824266	53,073	11,753	1,002	78.036005359	0.125229927414135
93851.826804	47,815	15,359	1,298	103.218356943	0.115183549810977
118200.477345	65,766	19,327	1,638	129.697996806	0.119698252014401
123603.102030	64,286	20,400	1,768	135.668641658	0.121516112282262
111872.472797	65,761	18,507	1,547	122.789474429	0.133846191812777
115016.215280	78,448	18,513	1,611	125.969854829	0.127995998081986
74235.086648	57,824	11,880	1,004	81.485144542	0.127577263810277
126888.852287	48,478	20,755	1,750	139.293151995	0.118888569103701
91813.531655	58,275	14,813	1,206	100.853457434	0.126210664752789
110933.775465	50,840	17,738	1,506	121.792578604	0.12241189169681
79426.361331	77,612	12,966	1,026	87.310991521	0.12300847709447
82200.724154	62,178	13,538	1,074	90.348130805	0.117388245277725
90067.284160	59,944	14,741	1,076	98.762280283	0.120834561678733
116056.487456	47,800	18,756	1,454	127.646159280	0.113666325527889
114754.772605	59,131	18,535	1,392	126.231521531	0.120806241316736
119005.575631	47,932	19,125	1,573	130.687963508	0.117923981036603
92169.755881	96,004	15,489	1,236	101.580227407	0.0253335520783552
80328.642626	62,976	12,982	1,132	88.466484022	0.0798615433612603
101245.741302	65,988	16,754	1,293	111.432790999	0.0496978701522387
82870.955230	58,784	13,415	1,061	91.139733847	0.0307253022000769
78786.054360	65,849	12,680	993	86.502528564	0.048297761785849
91356.530849	68,252	14,888	1,254	100.311224291	0.10472237794805
105011.587667	65,641	17,160	1,335	114.964221049	0.0907712696212646
113367.919594	82,771	18,516	1,566	124.523609733	0.103186727666242
114114.010740	55,603	18,649	1,536	125.297593435	0.100965004188014
105828.234787	64,807	17,314	1,391	116.113315799	0.0952320001417032
107577.651272	52,272	17,247	1,351	117.552861597	0.0867283956793664
129987.789363	53,126	21,405	1,745	142.338516192	0.0834812388092334
92233.854674	49,069	14,982	1,207	101.252657363	0.0867709326593138
102186.824836	49,792	16,334	1,218	111.858167051	0.0828050564322064
112879.435854	52,563	18,572	1,528	123.828190800	0.113140104468538
118200.299129	62,357	19,079	1,449	129.581650895	0.104570275729522
104550.492991	53,217	17,443	1,360	114.913027180	0.102222481956578
90345.081052	52,409	14,995	1,098	99.262780383	0.0951745913822189
112585.311984	57,308	18,407	1,418	123.465257444	0.130480808786825
104425.711726	50,335	17,065	1,390	114.788522751	0.211065318616705
72911.693404	53,017	11,920	945	80.073262321	0.13521930321256
103671.780832	55,875	17,080	1,269	113.754349256	0.147794239037719
93992.089792	69,430	15,190	1,206	103.228631885	0.134778835372661
134692.468726	55,791	22,169	1,693	147.945092255	0.138890218576036
99492.569826	55,535	16,553	1,204	109.223868542	0.145387118085964
105341.602920	49,680	17,549	1,321	115.623681051	0.136025716311879
118803.533508	73,532	19,662	1,417	130.233268559	0.13313145819178
121558.556680	64,371	19,821	1,490	133.304939951	0.127465233593901
94900.723045	55,970	15,649	1,206	104.430375445	0.1268760422094
125530.242913	56,249	20,471	1,506	137.675972492	0.154749445382071
104860.454363	65,965	17,235	1,323	114.982489602	0.149022001735648
86910.993548	66,559	13,804	985	95.394730221	0.112033489467696
109466.821888	58,005	17,569	1,421	120.235835705	0.137442632865595
97190.524289	53,257	16,074	1,222	106.815267794	0.135650542648343
101996.432060	60,316	16,556	1,199	111.912261477	0.145968593352734
99323.380420	46,576	16,175	1,213	108.951712673	0.147311770046881
107261.582622	49,336	17,446	1,291	117.698294865	0.149137647924666
91792.708321	64,845	14,587	1,050	100.644684375	0.140871146023772
96976.068184	59,723	16,023	1,187	106.533416480	0.136675256878284
103660.898723	61,838	17,283	1,395	113.909733178	0.131864921968433
109745.494769	71,871	17,707	1,271	120.334591127	0.127347457941912
126994.699126	79,125	20,908	1,615	139.516680088	0.126690839783548
94883.594489	94,580	15,430	1,192	104.147046517	0.0311856178633768
86461.826260	52,034	13,958	1,088	94.895780406	0.07147040684815
91652.219097	52,511	15,157	1,137	100.548485739	0.0830999260902529
117820.450107	54,656	19,119	1,413	129.481095189	0.0932944102294029
113335.904264	65,633	18,964	1,480	124.549408882	0.0547239076057951
117895.391275	67,176	19,420	1,508	129.410295789	0.0782159291693645
107664.475961	66,173	17,513	1,278	118.133946520	0.0879559594076698
119606.317733	63,474	19,707	1,464	131.353213870	0.0866286750990607
107042.107616	54,675	17,346	1,195	117.316493073	0.0638489872628696
98759.350492	56,086	16,416	1,173	108.466341685	0.182920921424015
109380.598685	50,954	17,905	1,329	120.043551622	0.228433493910416
89368.199719	67,980	14,339	1,122	98.143031740	0.144520967603497
113485.962215	57,636	18,494	1,397	124.531377057	0.14021020761639
102151.359751	50,611	16,594	1,184	111.913814682	0.146569177246228
114553.717269	52,766	18,653	1,379	125.598986787	0.141047237385059
100865.705337	62,275	16,474	1,266	110.816210306	0.149709731337134
120032.471061	71,388	18,885	1,457	131.120082730	0.133281239282109
108422.999613	63,400	17,545	1,381	118.967148460	0.131112602413464
111882.957492	51,372	17,701	1,402	122.322667367	0.129286187198649
99941.143251	59,496	16,478	1,288	109.516749760	0.134840085940421
97281.696357	49,788	15,851	1,216	106.677190253	0.126323256962126
120875.373898	48,922	19,571	1,511	132.449059417	0.133576504628904
85607.645175	57,628	13,925	1,114	93.915419934	0.140109222733517
118544.791491	65,373	19,316	1,607	130.210666060	0.137452495292966
115728.210225	48,803	18,819	1,459	127.196122834	0.150503544293581
120636.148450	61,965	19,435	1,583	132.402519956	0.143429086565373
93728.263671	54,652	14,972	1,117	102.493856977	0.141381131063749
123320.837050	57,536	19,810	1,530	134.876600921	0.145883065084082
78215.471409	63,244	12,385	965	85.506206725	0.157189872209522
80173.840195	54,552	12,835	1,036	88.024076834	0.1400914056517
87258.162911	54,459	14,030	1,172	95.956010264	0.154374044813535
78475.011925	50,842	12,884	1,046	86.077841216	0.142405590294835
80804.697775	48,268	13,139	1,110	88.773531621	0.131412473974247
77418.491978	52,706	12,429	984	84.894142656	0.134144691248435
76992.960812	61,592	12,270	965	84.400728425	0.143310178514199
125846.932366	78,972	19,781	1,608	137.954547381	0.136068825729247
75511.644311	58,917	12,160	909	82.802082866	0.142233655348241
79814.327909	57,853	12,826	1,056	87.659332977	0.140558621111351
110808.049405	63,530	17,628	1,339	122.245338741	0.139793190911054
127178.714389	61,358	20,413	1,524	139.304018794	0.138573857965031
119911.600410	74,935	19,179	1,433	131.192295152	0.143642388611827
77586.833666	61,968	12,292	963	84.892856245	0.140095001044265
95626.582255	60,238	15,332	1,214	104.835833148	0.0677069329306493
91701.064264	56,747	14,539	1,148	100.256897360	0.0868453001939086
105262.441298	61,974	16,638	1,344	115.151959139	0.0754081838962506
104122.647006	59,405	16,908	1,347	114.316049339	0.0725648760450005
94809.454758	64,510	15,264	1,182	103.731280823	0.0668828343903599
95675.043287	53,165	15,709	1,276	104.819944738	0.0607021374927877
87352.868146	83,435	14,128	1,087	95.684905987	0.060894602058749
114169.938524	97,946	18,594	1,509	125.088986487	0.0568591766949987
85717.264586	70,312	13,891	1,034	93.961423349	0.191660408688328
113739.318046	60,054	17,923	1,373	124.486419886	0.179025606724257
112459.157941	56,691	17,866	1,426	122.955657945	0.172786133746969
111592.309473	57,278	17,729	1,424	122.307921339	0.0661991574952539
119786.125103	71,140	19,232	1,523	131.417964851	0.0969266484925033
129864.254876	58,392	20,737	1,618	142.180282017	0.111001539061873
85848.810604	60,190	13,854	1,122	93.962699600	0.115107572077986
88605.058263	53,457	13,845	1,115	96.912463527	0.122687775909737
88639.619753	62,652	13,984	1,115	97.140304287	0.123320065314836
92805.282401	60,662	14,847	1,052	101.635948653	0.135799941907599
82405.776155	53,742	13,554	1,030	90.350696804	0.13966922592183
70885.015651	54,788	11,632	939	77.904640129	0.130829013252329
75059.519331	54,720	12,373	974	82.445115289	0.127245142095001
123449.966407	86,044	20,295	1,622	135.719811792	0.118640138819733
71770.719509	55,540	11,596	900	78.650550784	0.142974432428281
77672.882862	59,274	12,633	934	85.225348273	0.140989221353322
74270.956469	59,758	12,026	922	81.539528995	0.139194796462313
103930.600594	56,707	16,805	1,355	113.850607801	0.136775482667082
110881.830969	68,687	17,468	1,414	121.569237323	0.147586390501012
81574.055980	57,687	13,200	1,038	89.261565404	0.134831054506107
81727.416584	63,909	12,955	989	89.330522239	0.133665319974993
95677.326377	57,589	15,393	1,208	104.871470992	0.128901979420368
78668.317134	68,675	12,755	1,037	86.154817096	0.135190628230251
112054.952803	61,589	17,949	1,364	122.620362735	0.126498151052464
130477.181389	80,859	21,193	1,617	142.977140362	0.135838842180915
72864.084435	47,567	11,554	878	79.657102815	0.128198429707155
89653.447907	101,201	14,608	1,189	98.478706528	0.127050624620314
114757.582768	57,942	18,149	1,438	125.725909507	0.12190651707754
92756.079770	51,086	14,717	1,216	101.526913521	0.124680715612259
113526.575028	52,909	18,407	1,471	124.496253780	0.118304804878846
132958.270322	75,555	21,468	1,798	145.989313263	0.116602974141697
106688.234523	54,865	16,820	1,168	117.339377489	0.137056637151614
76498.984017	56,302	12,121	965	83.783482176	0.121135675261279
81264.609621	60,491	13,029	1,022	89.081166735	0.122511288900056
99985.062380	63,667	16,260	1,269	109.551619488	0.0461892730173235
87188.422654	64,965	13,996	1,087	95.514287163	0.0506331120407154
118832.389913	78,508	19,010	1,513	130.218709710	0.0392756716373729
93376.586146	54,777	14,775	1,160	102.279244205	0.061261286561581
124076.436079	70,468	19,907	1,594	136.023471216	0.0682812019327363
119720.638594	59,792	19,255	1,464	130.895279312	0.068324999264613
113118.249753	61,757	18,179	1,426	123.897776582	0.0431948789875158
86182.171749	51,684	13,791	1,089	94.567763420	0.0922667665580473
87794.513491	52,247	14,124	1,108	96.132474980	0.0839147747039878
124633.246462	64,880	19,851	1,525	136.552214503	0.0753752638695992
123851.539354	57,976	19,720	1,597	135.829004089	0.0871057947638167
93758.680030	50,178	15,123	1,154	102.815917336	0.0967242534910283
129936.539198	63,080	20,526	1,566	142.293588551	0.0852225153682858
95879.286403	61,563	15,431	1,205	105.145250042	0.0866440850870299
98092.670564	64,251	15,953	1,291	107.630250061	0.0873163381925369
110111.705970	64,139	18,087	1,442	120.938484637	0.0811406890901178
111478.914211	70,154	17,828	1,412	122.057650844	0.0791984987715811
97826.308580	60,561	15,819	1,229	107.040995931	0.0854735863467293
108958.567298	55,356	17,468	1,366	119.300943202	0.0674879746695705
114566.117643	67,892	18,105	1,401	125.352251630	0.138444130039681
73896.102635	65,416	11,549	929	81.091870935	0.123439070868928
103714.978607	79,883	16,190	1,287	113.641551059	0.0998518713443364
121198.481107	57,531	18,594	1,473	132.625309975	0.094194334898775
98901.522918	61,436	15,701	1,173	108.422841264	0.104233449942176
128029.307657	66,603	19,861	1,507	140.151402277	0.0929825865769339
126087.439543	57,888	19,748	1,562	138.084004008	0.0993136881443276
95604.886827	50,448	15,282	1,197	104.623825116	0.102448538814033
100136.446834	72,359	15,834	1,272	109.961259129	0.104561308292743
100639.768104	69,174	16,113	1,269	110.960069320	0.100348494138806
89122.441976	58,740	13,787	1,122	97.755989880	0.102061911343958
111820.733499	95,092	17,507	1,413	122.574441669	0.099755340728218
112852.428199	49,631	17,903	1,439	123.740202642	0.0938094976152521
110980.976729	47,986	17,272	1,378	121.498007730	0.105413472266204
95371.261960	59,796	15,104	1,170	104.360844447	0.105988318719515
107078.157153	70,348	16,547	1,247	117.164256515	0.111323421316139
99703.573564	55,979	15,752	1,240	109.241260944	0.111649279995084
99715.757979	55,500	15,680	1,166	109.223378287	0.115247166350322
118954.931120	83,370	18,729	1,376	130.342746172	0.110996181277255
121489.988120	58,717	19,541	1,485	133.322913959	0.12916239295096
73410.171920	55,430	11,725	882	80.466016604	0.122113093868231
118513.732662	85,400	18,700	1,491	130.027529098	0.159578850692691
93141.662151	59,103	14,892	1,158	102.101177756	0.115860610361015
100259.062103	50,882	15,739	1,217	109.826887054	0.0199445838747651
84941.463313	75,204	13,768	1,092	93.127527170	0.0293358439831281
110075.882242	53,031	17,626	1,326	120.718114416	0.0238786396114382
88466.449704	53,688	14,428	1,120	97.104196649	0.0368157557051417
87432.435474	70,661	14,426	1,080	95.859072231	0.0546710144018177
79040.353827	57,009	12,714	977	86.558143145	0.0693610197009235
78333.442897	58,057	12,616	1,020	85.878867596	0.0889004313595044
104700.632631	74,039	16,516	1,335	114.671957440	0.0527688464091401
121464.755443	67,971	19,990	1,454	133.213038727	0.0932717184420251
77223.764488	46,558	12,227	933	84.553740360	0.0504882366167991
107835.449061	63,010	17,216	1,345	118.954043190	0.061143648565936
87069.953454	50,967	13,965	1,069	95.283621117	0.115893933639814
79208.718535	59,565	12,870	1,045	86.971125189	0.129169922081014
126552.894818	55,322	20,374	1,506	138.624127350	0.117755612379197
125642.605201	84,863	20,353	1,560	137.666641502	0.11752968809787
105977.056125	62,046	17,271	1,319	116.264109626	0.121412305654807
112932.700831	48,783	18,380	1,411	123.903781222	0.12060904020722
111914.077666	79,411	18,324	1,483	122.777853138	0.115843472620146
100866.473434	57,821	16,586	1,268	110.741783392	0.124469124771793
118405.658747	49,818	19,151	1,508	129.830823068	0.0977505010145397
94019.859951	51,320	14,784	1,111	102.837805943	0.142784456672059
113801.852303	55,711	18,623	1,464	124.825253900	0.0982661298291051
85817.004156	53,155	13,820	1,059	94.019651893	0.135454694953753
105382.150957	56,698	17,014	1,321	115.476701435	0.1164386864138
113382.347127	48,850	18,278	1,447	124.301933582	0.115547038079983
126303.256702	61,459	20,394	1,597	138.649536034	0.114040195244769
84792.936974	60,176	13,933	1,096	93.067215199	0.11662888977241
105495.800524	64,032	17,268	1,397	115.811254741	0.116033495656988
85904.711583	59,316	13,705	1,102	94.143047389	0.112919927566671
92826.435973	70,203	14,994	1,206	101.864135725	0.115638922513548
82081.771392	64,320	12,883	1,000	89.977863631	0.111735482333798
123334.314024	54,020	19,816	1,557	135.208042035	0.115827797999342
74695.758727	51,715	11,903	1,021	82.009319424	0.116492425475749
108324.446835	56,391	17,573	1,349	118.698274198	0.113230225525126
113657.607436	82,512	18,199	1,417	124.381147550	0.112186992501415
95436.349782	54,129	15,702	1,185	104.718651598	0.116347939173132
65630.407838	51,996	10,690	853	71.994313256	0.106651630040828
121135.767697	63,783	19,736	1,485	132.798536760	0.120039285763426
119401.100602	53,771	19,339	1,530	131.005279612	0.11674161289845
128589.718476	66,742	21,127	1,687	141.007672233	0.114660396821749
87505.299686	59,442	13,768	1,115	95.838626489	0.141036695265295
78633.611591	66,632	12,408	1,047	86.404151736	0.144716576510295
100151.016805	66,043	16,391	1,295	109.907355199	0.0669117979274477
76654.499758	68,446	12,374	1,031	84.078548504	0.00982464982754625
76711.499003	54,092	12,435	945	83.809871128	0.0874703133551536
86544.548274	48,440	13,874	1,141	94.834744702	0.0859908026110086
104688.305647	55,668	17,062	1,326	114.775197419	0.0872767071568732
59780.646118	47,734	9,564	732	65.459152673	0.102565815873719
108954.379890	59,716	17,618	1,345	119.601037060	0.0930890374249029
70008.698387	61,676	11,094	850	76.618372784	0.101743378880876
98469.501592	51,558	15,729	1,171	108.969550760	0.220592572979005
81259.731488	54,165	12,748	979	88.940902277	0.181345103631606
111205.058145	72,098	17,770	1,381	122.005258912	0.188996522902821
110276.719772	56,532	17,274	1,395	121.012633966	0.184207344728235
108262.360599	49,151	16,878	1,393	118.762992924	0.168777072632878
106572.554717	54,527	16,506	1,291	116.514573457	0.181742497951478
114525.458858	89,719	17,910	1,398	125.354949092	0.179734976436357
90776.873716	51,019	14,530	1,174	99.458945301	0.192201130431019
107922.166058	66,860	16,896	1,279	118.059357817	0.192295399896272
93432.608749	68,706	14,620	1,104	102.235505780	0.113749580109896
83819.070659	66,625	13,230	1,002	91.924687087	0.149043596350366
81125.280642	74,924	12,656	950	88.833269203	0.14025757120507
98463.956023	53,701	15,565	1,226	107.906118635	0.172421918700176
74389.903832	74,961	11,810	926	81.505742047	0.15277302402825
104965.151845	47,786	16,550	1,288	114.979648672	0.1646037675716
73452.985215	60,358	11,321	921	80.401789509	0.140423755300959
104984.501577	54,054	16,549	1,347	115.049168052	0.148539022479463
74905.809740	56,339	11,780	939	82.098291313	0.134279813031769
84395.348959	51,388	13,068	909	93.198745632	0.13005126088082
111954.263838	57,107	17,699	1,439	122.740418881	0.125177999504028
101795.142779	49,901	15,857	1,247	111.449735405	0.119496915710201
75677.050514	48,900	11,776	954	82.869650225	0.127002916959642
99243.720147	50,003	15,326	1,149	108.580292250	0.117323857931143
117019.247764	51,712	18,083	1,394	127.960397388	0.118287286629656
119815.686236	51,655	19,056	1,459	131.475143672	0.1168291304726
99345.341251	56,246	15,319	1,196	109.058084032	0.108872154729441
121595.727029	54,217	19,156	1,519	133.456865748	0.104307866863122
94364.504061	53,636	14,985	1,204	103.391031228	0.110114148060768
100447.009657	51,918	16,117	1,237	110.015819404	0.11538149701497
111339.980699	49,529	17,649	1,307	121.682813297	0.111116116584693
105711.480030	64,592	16,435	1,318	115.838278575	0.130582186513309
81449.132036	52,139	12,634	955	89.115644246	0.095107318621465
120526.593977	56,245	18,989	1,451	132.035222528	0.110943741229782
119273.822100	62,682	19,125	1,488	130.654881702	0.105854293908858
107977.057132	89,722	16,812	1,309	118.178834919	0.0406280945782472
80892.481913	55,907	12,646	1,014	88.721781618	0.0421085819659054
90203.493009	46,447	13,862	1,130	98.683179744	0.0537655678470359
111904.578952	61,992	17,412	1,372	122.501431922	0.0349475441467527
73347.070137	55,870	11,584	910	80.362098495	0.0612898598873627
75032.929012	56,244	11,498	914	82.254690635	0.089325078181181
121027.925659	55,080	19,252	1,468	132.637424918	0.0576658735897762
99767.526940	56,227	15,670	1,300	109.469147932	0.074873022729292
122363.538062	60,918	18,930	1,426	133.651475110	0.0653090383421038
108208.986873	57,924	17,028	1,316	118.688329734	0.0880026458868705
100685.646038	49,350	15,771	1,287	110.106223504	0.0829953127572929
106193.349394	46,863	16,609	1,288	116.000040734	0.0645998768631213
75621.498665	59,901	11,878	886	82.819388586	0.0820920147605922
71047.127210	58,541	10,971	859	77.688176134	0.145764531237534
130826.074567	63,345	20,875	1,561	143.249716651	0.112216546796617
121415.361090	48,863	19,212	1,565	133.185399579	0.12371227676085
124941.523659	51,311	19,485	1,469	136.374355517	0.162480109591148
99473.150659	60,961	15,897	1,176	108.862722160	0.117745971940968
92543.007184	55,843	14,644	1,099	101.360840020	0.125193590398394
86833.483904	49,625	13,836	1,049	95.120125274	0.106814637307522
104325.422276	71,407	16,710	1,295	114.215693086	0.0715007383271973
125922.140752	93,809	19,819	1,520	137.791207995	0.0898035917975653
114455.523222	53,843	18,108	1,450	125.300588840	0.0879083843462662
101687.084522	71,629	16,383	1,296	111.442563509	0.0899615925220096
128094.395821	55,373	19,921	1,561	140.175744329	0.0965685649730848
104155.250658	75,763	16,221	1,279	114.095707922	0.112849880614982
126237.979466	48,876	19,939	1,605	138.273251514	0.104375085084038
106359.021658	57,164	16,926	1,274	116.452375604	0.109199002798078
104128.200990	67,840	16,894	1,356	114.230692771	0.119430389141944
116576.771697	46,634	18,036	1,274	128.594528896	0.127223469977513
113359.461520	58,196	17,613	1,371	124.223701343	0.146216864017929
99075.075117	90,199	15,379	1,248	108.363346832	0.137849491546402
120085.154847	59,852	19,366	1,430	131.393334522	0.136419246857165
131579.251375	62,014	21,010	1,581	144.179789403	0.123025273714548
77980.166729	63,605	12,135	921	85.286862133	0.125855762252021
95243.299101	66,488	15,121	1,118	104.623342308	0.127834198801574
77503.409767	52,377	12,319	954	84.901389299	0.127911905750502
79059.621543	67,438	12,655	968	86.601922252	0.128877408085808
72585.487241	64,868	11,623	899	79.598468255	0.121370640048917
82701.289626	76,546	12,921	1,024	90.596861880	0.125713574698267
105781.942576	55,298	16,829	1,260	115.548475710	0.10561545199347
68628.731086	54,104	10,903	850	75.249095014	0.109983954066382
73959.393605	56,742	11,496	890	80.956858670	0.0282447265020262
115001.396343	54,896	17,966	1,433	125.811208168	0.11605571893178
89795.888448	59,007	14,142	1,120	98.472942639	0.0665578735070058
114603.283646	63,817	18,203	1,441	125.588798309	0.0975781961841347
122356.696446	78,207	19,623	1,501	133.949073105	0.100542468856389
109964.757305	52,265	17,186	1,360	120.186235993	0.0904842877064165
69186.637704	54,050	10,781	808	75.808614051	0.18154132098293
111113.247709	76,824	17,256	1,349	121.557020070	0.303842598355804
114737.738475	60,471	17,957	1,362	125.401862226	0.175393786450055
82847.044149	59,073	12,841	1,007	90.686975265	0.160097876389717
117532.731673	63,520	18,496	1,393	128.444031438	0.162724663009813
120522.302272	59,387	18,904	1,502	132.029422823	0.159786902873138
93899.348677	74,408	15,019	1,169	102.868642766	0.136043578152844
66541.897561	67,454	10,238	798	72.762534997	0.123075614707613
79756.884209	55,028	12,731	968	87.299966677	0.121823736389568
78377.708122	73,274	12,203	911	85.819788595	0.12284112899563
117645.871550	60,454	18,384	1,495	128.778323512	0.123542119654086
113391.765900	52,713	17,881	1,351	124.045087004	0.127383109858499
105969.737170	62,727	16,719	1,277	116.622443958	0.123967373649731
99574.131791	55,131	15,674	1,214	109.517831504	0.127646581613445
118418.631621	56,098	18,286	1,311	129.255103496	0.132555350134899
108014.910186	59,931	16,897	1,297	118.097240130	0.12063512860596
86928.127859	59,587	13,617	1,087	95.138067342	0.126112967914897
106062.849586	66,346	16,893	1,302	116.218844897	0.122851109513963
101095.934321	51,817	15,673	1,288	110.628056412	0.126013404018273
89403.034717	59,880	14,230	1,157	97.833751287	0.12825969354613
85930.274137	50,084	13,487	1,006	94.139797537	0.123164107890125
81500.648305	59,798	12,667	957	89.039857700	0.117367831110586
110524.290701	81,599	17,276	1,326	120.927814174	0.121927486271996
63625.549845	53,628	9,843	739	69.601833162	0.111947502631744
104644.403990	80,407	16,404	1,252	114.524738123	0.126741849161579
81206.722126	49,692	13,034	1,031	88.827745442	0.124295634493808
93432.837327	54,380	14,766	1,208	102.259376753	0.129170424416752
58757.829660	57,769	9,204	746	64.210387421	0.110009663102054
93464.923653	52,453	14,609	1,180	102.235626840	0.121490665046046
90580.359821	53,303	14,168	1,111	99.095651880	0.12865042363593
76314.027789	52,823	11,990	896	83.435617394	0.117138092131008
85849.260764	60,765	13,372	1,105	94.095742569	0.11806977998191
76026.044978	62,645	11,885	937	83.135368191	0.121542480449782
107160.990937	54,320	16,830	1,274	117.272494293	0.130240173195599
66372.521071	56,811	10,673	821	72.524376491	0.103188896355783
82732.837992	69,666	13,414	1,029	90.664119218	0.137267308532996
107154.206374	46,655	17,032	1,325	117.196789612	0.0102039667161416
96258.341328	62,775	15,734	1,198	105.219699319	0.0332665707728173
95749.951371	58,067	15,380	1,216	104.945320601	0.0425229851539793
103535.126173	56,410	16,293	1,193	113.034835040	0.0366191282053607
104262.942475	54,686	16,595	1,247	113.889871978	0.0393145226704593
86367.141490	51,948	14,028	1,040	94.397494490	0.026556408272771
103117.777486	59,170	16,644	1,285	112.707371625	0.054802849589383
108664.698969	72,804	17,264	1,364	118.748728904	0.0826300005624033
103061.252608	65,014	16,643	1,257	112.818694903	0.0943715185867976
78447.931707	58,826	12,513	952	85.815304206	0.0833954248169442
75546.256659	52,980	11,906	910	82.596006895	0.135306378676453
91819.858577	47,733	14,702	1,202	100.518012033	0.122296294035472
79200.824282	52,701	12,795	1,019	86.793951866	0.129443417404843
100950.813119	81,559	16,405	1,254	110.501666793	0.113794041342708
65712.363474	58,791	10,413	809	71.908922586	0.129363243912149
76087.474246	64,844	12,150	958	83.093342329	0.111388896600227
88665.509538	61,852	14,018	1,098	97.045300870	0.108228200649245
86974.256813	58,986	14,064	1,094	95.086106063	0.100464571871725
98855.446815	63,661	15,679	1,291	108.334405339	0.0969033222981372
100147.196594	67,084	16,277	1,337	109.961351641	0.0911933422910467
87818.925007	52,685	13,947	1,085	95.914056280	0.0915115706122367
104788.713442	80,595	16,995	1,303	114.696842019	0.109898771141095
106121.920368	55,971	17,091	1,330	116.090421584	0.0972907912374756
69807.420280	58,570	11,179	929	76.485699539	0.115012639614812
87883.153885	55,854	13,863	1,056	96.126529649	0.11784989535309
103383.602820	58,067	16,690	1,346	113.241350036	0.0951870669891237
102269.239889	63,872	16,307	1,286	111.845128100	0.11216691339345
91333.112419	64,804	14,843	1,144	100.187285542	0.091292976354092
88274.695335	66,886	14,240	1,028	96.643313766	0.0899139440814483
116066.446418	52,582	18,974	1,425	126.954213262	0.0922088545265122
93460.267038	52,112	14,883	1,187	102.343351123	0.0878240470432616
93860.000357	72,111	14,955	1,158	102.660939668	0.0869612451583932
90859.884838	63,375	14,724	1,128	99.420827788	0.092607525361437
96161.967424	57,808	15,382	1,177	105.097451088	0.0964374682583471
106365.913885	59,722	16,788	1,394	116.586444778	0.0906935431764514
98817.272354	75,642	15,589	1,195	108.007387470	0.0883814575037359
95508.550296	70,924	15,233	1,236	104.561931641	0.0907898674925908
121152.128038	54,270	19,511	1,491	132.625122579	0.0964835264501082
97519.302890	78,461	15,700	1,230	106.645244144	0.0901877613005475
113520.935902	98,343	18,153	1,456	124.277505495	0.0881245026113422
93241.526908	83,850	14,869	1,139	101.972787067	0.0767970294048199
93968.857401	50,312	14,984	1,188	102.890126679	0.0907193398373122
79600.974654	61,209	12,405	964	86.901671375	0.0857076860776861
81130.319460	63,196	13,036	1,011	88.834768720	0.0674112563013232
91430.788302	88,122	14,584	1,148	100.022944012	0.0514344220113467
71407.285719	50,785	11,228	965	78.302114375	0.0390791854935556
100707.845209	49,750	15,870	1,292	110.098918316	0.0363004696558627
86978.211750	52,688	14,278	1,134	95.497785330	0.0524561305635339
89031.496542	61,528	13,930	1,141	97.483308410	0.0533570716992001
86614.144571	50,195	13,841	1,062	94.975592289	0.283654406448465
82178.809189	66,858	13,088	1,042	90.032492988	0.250194494564362
88724.381167	93,871	14,401	1,140	97.220458925	0.229952703524288
100821.046398	68,113	16,150	1,293	110.392601860	0.0767839538687859
95051.902998	53,033	15,476	1,196	104.057344680	0.191454047376924
107894.343650	51,848	17,470	1,468	118.295641724	0.16101541824939
96623.998712	82,127	15,428	1,255	105.736700955	0.0336526213702759
99367.920840	52,369	15,932	1,230	108.790245500	0.0707747816166294
90503.591311	65,744	14,691	1,085	99.148541367	0.133765640085149
122969.541785	61,575	19,629	1,676	135.096088047	0.135883909253296
109031.699977	64,726	17,714	1,470	119.643298543	0.117812546187546
105300.150094	62,884	16,721	1,269	115.290434075	0.133758216922026
98666.484460	51,961	15,833	1,278	107.990520555	0.122659042780759
108763.257123	75,405	17,426	1,353	119.125083512	0.128841644196453
80432.259031	55,937	13,094	950	88.216707403	0.127562484014642
97773.988146	68,579	15,488	1,261	107.160077061	0.175691054644416
91023.454803	46,568	14,694	1,133	99.694199190	0.105546193949161
93662.101913	73,786	14,998	1,116	102.459337621	0.111084980521781
85666.068693	49,762	14,027	1,112	94.038365694	0.116731742536413
82192.816219	50,260	13,274	1,074	90.060736100	0.120605350145575
108984.079982	51,748	17,425	1,355	119.449596900	0.132800941360529
84118.916554	59,695	13,802	1,091	92.145549060	0.118055378328699
83956.245227	65,158	13,627	1,081	92.075377147	0.112488895656535
89949.379065	47,231	14,034	1,148	98.448200594	0.110292951871215
85844.353367	65,101	13,834	1,082	93.939478721	0.107356660589795
59326.680326	51,693	9,480	728	64.719981234	0.110053949946509
98142.134710	61,794	15,752	1,291	107.527271265	0.10679208456728
100545.868817	66,924	16,364	1,282	110.228344514	0.1030259790704
91778.388657	59,229	14,809	1,233	100.670760646	0.105071551379472
79822.802681	61,020	12,813	1,017	87.367561535	0.0975199095511396
107954.534463	55,251	16,946	1,259	118.774633561	0.097949907646959
87232.934983	75,389	14,102	1,154	95.618596817	0.0939298894884757
94279.216031	61,884	15,169	1,159	103.336532663	0.106883059340108
93787.152035	78,257	15,183	1,187	102.718897852	0.0984525817827205
103078.564081	48,638	16,789	1,310	112.912908669	0.097236039165547
75296.354459	50,690	11,896	1,009	82.711203381	0.0657911958572074
92196.352392	70,674	14,609	1,151	101.045930097	0.0479958368291967
82288.256879	70,826	13,152	1,140	90.322520075	0.0468147095851029
100366.349642	79,877	16,277	1,237	109.933288515	0.0960578448326732
96986.099561	54,732	15,738	1,271	106.292904007	0.0676655468912125
72396.877931	55,163	11,673	909	79.270665230	0.107869991052854
70433.809048	49,788	11,504	883	77.277469733	0.0612810067309145
85263.573894	68,214	13,633	1,119	93.487497254	0.0996510552017696
104947.906402	72,566	16,545	1,396	115.167312787	0.102164120869499
106431.844322	64,598	17,164	1,338	116.596555785	0.133771392657485
86310.081168	59,210	14,109	1,063	94.449223623	0.119886965747302
94668.483505	68,699	15,413	1,194	103.673633504	0.129302012393432
99604.569425	75,018	16,168	1,189	109.118371753	0.125389352854212
103557.781135	55,367	16,930	1,250	113.389683092	0.114454699015424
64409.146344	49,106	10,330	844	70.657854273	0.0880779264631219
94322.081927	67,233	15,259	1,169	103.209335143	0.122013023076687
101999.494572	54,702	16,191	1,295	111.661309160	0.131984220209963
111042.839821	75,588	17,816	1,414	121.703014194	0.136231672384486
93354.299326	70,857	14,786	1,118	102.153368746	0.108293296402935
110288.366627	53,483	17,769	1,421	121.138907612	0.153338744498133
101645.756097	58,996	16,438	1,232	111.157868166	0.199700019856051
108925.817646	52,490	17,246	1,331	119.194299980	0.128243491499708
104803.312197	69,804	17,006	1,323	114.816915448	0.139324583307501
102760.665967	62,095	16,469	1,333	112.691789300	0.150425341194909
89768.951609	48,605	14,675	1,142	98.405023330	0.14576085714778
86078.662529	52,547	13,971	1,129	94.374542802	0.148343045670673
93760.025139	52,819	14,830	1,208	102.840736744	0.140010468626451
103803.626124	62,604	16,567	1,300	113.564859415	0.142821017308681
78865.505175	48,517	12,758	1,046	86.518994562	0.135968572930874
80407.856034	69,927	13,013	944	87.960248945	0.137199603156921
88932.165126	74,961	14,279	1,115	97.312294934	0.13987330344138
90689.243564	51,904	14,554	1,179	99.307421984	0.136214933661972
88656.328025	48,612	14,125	1,101	97.068390686	0.133710024531286
102371.762626	55,093	16,360	1,250	112.041508496	0.131954846008254
89447.878433	50,062	14,532	1,141	97.851425050	0.177787600688677
96293.878408	53,115	15,584	1,236	105.541832106	0.179149684036401
91043.662399	52,745	14,466	1,179	99.759909544	0.179143328950861
104263.429213	89,205	16,953	1,343	114.200794957	0.177738957355396
74502.933516	68,975	12,061	877	81.453075336	0.175689582304086
81253.819541	54,752	13,213	1,057	89.048237016	0.169909153559636
106491.398081	60,696	17,213	1,332	116.619894483	0.172097807277844
94480.232832	54,762	14,986	1,270	103.788355819	0.173450606770679
93121.328938	51,929	14,896	1,138	101.980502444	0.0286172588221677
85591.410506	54,009	13,672	1,062	93.717343623	0.0273084336319857
69215.099198	65,358	11,106	809	75.684988418	0.0639805277252528
82662.223841	47,226	13,351	1,044	90.522888552	0.0360876330423076
97216.171848	64,879	15,653	1,225	106.484189851	0.195364933280453
112236.254746	51,961	18,283	1,385	122.873553155	0.176548902645654
87846.323791	51,692	14,357	1,117	96.356875453	0.127551371220519
107342.685780	53,143	13,973	1,108	115.631283531	0.138206823315947
95175.508775	50,293	16,794	1,037	108.569465290	0.149181361021674
106229.109995	59,448	17,821	1,606	116.255200916	0.191468665978999
99849.526172	79,506	16,717	1,460	109.233527186	0.188453235229724
89568.586295	68,852	15,033	1,409	98.098915760	0.185167211260759
74303.058178	79,142	12,828	1,088	81.432169444	0.153945632742474
79016.700814	53,775	13,383	1,245	86.743782372	0.0651388893863494
99180.462014	53,687	16,828	1,576	108.598816380	0.182158116891255
87310.806826	51,840	15,323	1,335	96.049738081	0.17893671348773
109819.979877	54,827	19,316	1,744	120.628961500	0.181993792896059
105621.627198	69,609	17,798	1,352	117.069930959	0.183751728015509
109958.982755	60,869	19,468	1,669	120.786235729	0.172399562792971
96266.996015	56,794	16,904	1,544	105.756897770	0.17745437255446
94646.936802	55,431	16,488	1,472	103.784586927	0.165864227370126
102496.386167	75,065	18,015	1,589	112.762763229	0.177161682155747
86797.476167	49,586	15,266	1,356	95.268417570	0.137085225180483
83948.917527	65,109	14,723	1,367	92.156659445	0.163203418092061
108865.589295	64,652	18,928	1,633	119.743536059	0.160845032032624
112027.713481	49,478	19,569	1,690	123.113963497	0.159352716035402
109666.356164	67,708	18,771	1,556	120.706406468	0.15709889326175
83064.778312	51,416	14,635	1,253	91.278507802	0.158910031142942
105719.852003	65,061	18,833	1,587	116.311278154	0.156835896450838
104403.494702	65,167	17,939	1,439	114.804723096	0.14684003059407
78469.610903	77,689	13,437	1,137	86.213821085	0.150821156540348
101174.883374	62,340	17,828	1,558	111.374724634	0.14294028191855
115630.013854	51,381	20,399	1,587	127.151954545	0.144711395883438
99051.082728	66,064	17,734	1,479	108.979262831	0.147259607348329
116051.806533	70,792	20,038	1,657	127.701305158	0.143533491178466
85007.758044	67,970	14,965	1,153	93.633661170	0.121251979425323
90644.658322	62,856	16,080	1,269	99.812988003	0.141232629203645
113364.280264	50,801	20,250	1,641	124.814106828	0.123338004390178
114583.305866	81,352	19,724	1,492	126.178208199	0.142486014046447
115888.267006	67,535	20,152	1,778	127.697438764	0.140425631242314
120428.514798	60,788	20,932	1,735	132.655294689	0.118716439752755
124704.442515	58,114	21,834	1,874	137.458606838	0.128737111026821
103967.434473	48,865	18,092	1,421	114.676554950	0.0321307929940407
116795.772339	70,472	20,348	1,756	128.647417637	0.0547350186143291
69632.456259	72,546	12,225	1,044	76.805844244	0.0946631491281019
111224.993635	58,690	19,274	1,522	122.657933063	0.0714030152153447
96714.700203	52,782	16,607	1,449	106.500483441	0.0780045134570521
70459.094520	68,999	12,257	1,004	77.713776395	0.086990817269674
118232.363942	56,251	20,505	1,657	130.225368290	0.0754620180025493
95344.216452	56,622	16,401	1,371	105.197964720	0.07641468319385
100712.969970	58,385	17,173	1,446	111.332035840	0.109735354152458
97894.916567	50,634	16,470	1,265	107.824824439	0.0909904213810472
110141.313777	56,350	19,207	1,610	121.403785748	0.0820796343632012
107684.145050	62,215	18,679	1,526	118.463340279	0.0504974310119311
118339.594974	48,846	19,941	1,432	130.671696110	0.0579541052550093
68965.140658	56,201	11,608	834	76.231048537	0.0485130907792927
85664.249682	46,687	14,497	1,137	94.209751111	0.0654212983184042
111713.533766	50,689	19,120	1,479	123.107192987	0.0785670160920103
110998.502610	59,675	18,881	1,505	122.237508044	0.0625856033085384
91566.079349	52,110	15,893	1,199	100.864368753	0.0699453602501094
111128.209529	59,032	18,611	1,495	122.188242657	0.0655548136857234
84889.865939	57,267	14,664	1,162	93.410526091	0.0548510305756357
93899.564649	60,159	16,160	1,300	103.485438852	0.0655882807543874
81987.921564	65,594	14,256	1,102	90.387262571	0.0667056049914263
77317.593524	52,295	13,296	1,062	85.167089889	0.0869430499033864
78484.785462	49,203	13,394	1,040	86.483202705	0.0926254038960415
79970.920217	71,872	13,526	989	87.933372881	0.0818210218769446
78676.948744	47,917	13,254	1,032	86.555046363	0.0707410647949189
79882.786870	62,884	13,536	1,095	87.919968020	0.0878765034296585
117906.459381	79,905	19,872	1,458	129.674220159	0.0893470178540309
116142.830276	50,603	19,462	1,464	127.607773381	0.094450849465448
84416.104635	51,298	13,719	1,051	92.667850980	0.0878491572400985
81097.126934	49,780	13,475	950	88.985144079	0.0879064264333643
90253.546187	56,074	15,076	1,112	99.173522321	0.0876497724211825
85443.329082	54,962	14,430	1,093	93.989418887	0.0832812092312569
79576.598312	58,199	13,470	1,029	87.638230258	0.0740136601956548
73446.539965	49,392	12,334	942	80.736401302	0.0758734217395491
78278.101220	56,046	13,436	917	87.309785483	0.081599897446399
96307.126750	62,478	16,163	1,160	105.750151420	0.0879252512816033
128902.962157	83,597	21,411	1,674	141.686433179	0.0941574012965196
78267.820713	66,211	13,238	1,050	86.240896285	0.0938499279379689
95991.266965	59,603	16,242	1,207	105.463986128	0.0901093070428478
122883.596339	53,419	20,424	1,545	135.224028487	0.0992564398192329
78659.531455	72,856	13,303	1,027	86.536439520	0.0921019795899275
109729.227142	61,253	18,511	1,391	120.636878088	0.0455075481091299
84372.361305	54,852	14,231	1,138	92.860668031	0.0898122497166432
103284.729937	63,334	17,835	1,379	113.595313103	0.115687216627591
100863.624557	61,028	16,572	1,250	110.864814148	0.0910878110546876
88378.211495	51,710	14,885	1,118	96.977125474	0.0713480121995084
86919.815792	66,133	14,266	1,074	95.384460435	0.0898420446343571
113264.984198	66,435	18,779	1,445	124.697229004	0.0994020162982781
108261.898302	77,585	18,200	1,372	118.826714607	0.0800222909231539
85383.719341	51,496	14,362	1,123	93.763909506	0.0932131208333157
105851.395697	58,823	17,620	1,265	116.348528865	0.0955680708039477
106567.397665	76,746	17,844	1,402	117.074603616	0.187374609956189
98413.086724	63,743	16,754	1,292	108.202052225	0.179480940135923
127339.101140	55,474	21,481	1,614	139.890619973	0.119088760617923
116227.843968	57,851	19,449	1,455	127.633020979	0.129105874261394
115384.322099	48,883	19,205	1,425	126.905403642	0.114739299247315
109224.465303	74,607	18,350	1,481	120.289003012	0.118165147894669
128353.231889	83,355	21,639	1,680	141.244884989	0.119654671750703
119524.531282	59,015	19,896	1,510	131.411071698	0.13063558322573
121091.899319	79,567	20,384	1,534	133.038475669	0.116540833754194
99472.951181	51,475	16,557	1,296	109.398534125	0.120694558537272
120313.646062	64,820	20,539	1,584	132.474426811	0.11823325700388
114021.897451	51,915	19,228	1,503	125.333855916	0.12513360365223
110361.244486	92,724	18,477	1,323	121.220588417	0.132790531716699
82107.609268	98,026	13,832	1,067	90.231109751	0.128273963109596
113181.789317	69,931	18,661	1,400	124.384683734	0.132404991150761
90952.344012	96,263	15,260	1,202	100.021240768	0.12204635182599
88987.738086	71,187	14,856	1,088	97.607448246	0.142379014894865
76515.365348	54,823	12,491	933	84.019511984	0.131783761889403
104475.033866	58,811	17,264	1,331	114.566749751	0.159515068989498
102846.149114	55,402	16,849	1,382	113.122103992	0.128041441184074
96070.643647	55,233	15,671	1,266	105.602208503	0.12783236515388
68465.210169	50,467	11,320	876	75.126585591	0.150873282737773
74455.794924	47,921	12,570	926	81.726037946	0.137720603069232
81183.984406	56,422	13,319	1,003	89.122955052	0.137932287170836
92802.221006	75,441	15,419	1,135	101.886285040	0.164952486908362
70461.284812	52,271	11,645	914	77.306661169	0.132955394483961
71166.071715	66,998	11,739	894	78.090957040	0.131959457561788
90604.330077	57,060	14,707	1,041	99.170611913	0.14240214584229
77177.599888	59,831	12,290	899	84.595177158	0.12007962342072
128342.278904	53,084	21,076	1,599	140.654551931	0.13773098825754
102372.274049	52,738	16,906	1,245	112.305112966	0.141579399897921
113850.370951	81,032	18,776	1,474	124.849763713	0.117387868897552
71626.165659	56,065	11,896	892	78.710900882	0.0274079022571692
94556.693910	83,768	15,335	1,110	103.653080518	0.0232532897006714
114469.660693	70,188	18,758	1,393	125.527455841	0.0258484934325892
103709.024300	47,755	16,726	1,249	113.711832958	0.0318977216625853
116715.347623	68,988	19,179	1,396	127.929839187	0.0204228939691491
118462.771838	55,162	19,611	1,383	129.744507474	0.017347244119804
74795.542334	57,243	12,275	906	82.222871328	0.0188939694112405
106695.733845	57,538	17,483	1,219	116.833687280	0.0262713862229613
76355.523029	46,757	12,245	853	83.613232150	0.0381410639791911
83668.675882	58,202	13,533	919	91.561324382	0.0277311905254373
105292.777122	47,539	16,846	1,095	115.004817298	0.0252264439654621
123425.444066	67,944	19,891	1,317	134.982009640	0.0247950503311294
74831.890768	57,114	11,836	791	81.884216288	0.0414557195411449
98469.215370	70,662	15,870	1,072	107.648691176	0.0228527182143171
111773.299558	56,831	17,991	1,199	122.146008423	0.0240000013545003
100262.788445	61,324	16,115	1,095	110.142406518	0.0284383176112216
123031.743768	65,375	19,553	1,318	134.810529672	0.0407957835083178
125929.566304	48,959	20,229	1,497	137.938016887	0.0194539188823577
120080.930995	59,071	19,495	1,409	131.631471731	0.0360054974074062
108495.015185	55,608	17,759	1,246	118.851290401	0.038557099770683
111832.067461	48,832	18,228	1,279	122.552649834	0.0456345774071121
130749.951297	46,851	21,182	1,484	143.033890525	0.065987843512683
130000.355371	46,406	20,899	1,472	142.303832626	0.0696490968330996
107211.465932	63,102	17,193	1,069	116.947306507	0.0889484572585306
123348.786150	55,638	19,450	1,350	134.716350520	0.0903496000801688
102782.300800	68,370	16,269	1,030	112.128191448	0.0997723623483799
76774.961485	56,256	12,155	859	83.915476323	0.077932795867427
113016.941136	68,090	18,105	1,225	123.611341465	0.0748705541286812
118188.227424	50,690	18,762	1,239	129.009475445	0.0713399439143038
133538.618207	48,973	21,140	1,493	146.153518117	0.0837814358120188
71756.086723	55,745	11,712	848	78.545017131	0.0853195157813289
81405.617451	48,729	12,916	937	89.167706141	0.0744200724507931
125835.673365	64,692	19,704	1,398	137.666107163	0.0724272727235261
71128.421795	46,560	11,358	802	77.833166475	0.088079828996238
120768.008873	50,018	19,271	1,356	132.085402005	0.0827315168034218
116614.464185	53,700	18,890	1,257	127.554859952	0.0839591280015326
134672.544065	70,279	21,342	1,488	147.192645772	0.0812531990523915
68920.788230	63,040	11,143	851	75.514215135	0.11002758235566
108563.794850	69,052	17,428	1,170	118.760410151	0.119394451957149
120560.281436	53,857	19,300	1,320	131.860536732	0.130596451412672
89946.985626	57,601	14,446	1,029	98.515726246	0.129384799190353
118312.127689	56,520	18,743	1,230	129.194840543	0.12817946714903
74674.716114	54,923	12,100	833	81.946661711	0.0779288935829161
69990.903098	51,013	11,334	820	76.654126215	0.0557329536270465
78490.251144	56,408	12,711	858	85.989888481	0.0511687283169453
66672.677382	52,207	10,830	757	72.885716901	0.06557117039866
93271.160765	60,762	14,990	1,106	102.155696948	0.0800150162515842
104708.170371	58,679	16,625	1,232	114.788985138	0.0725730776064491
71702.567098	64,139	11,520	937	78.690813789	0.0568452823167535
79267.336875	49,045	12,941	916	86.921097560	0.0644036748089757
83421.663714	48,875	13,586	1,009	91.466838589	0.0645542685391544
85182.812911	53,737	13,761	995	93.359079383	0.071816228697646
71831.553578	53,350	11,704	917	78.911329247	0.0531843984241772
76608.721746	53,957	12,509	953	84.176797911	0.0624073465427131
79295.291398	61,781	12,802	945	86.958354485	0.0674599321791746
101955.665208	49,419	16,426	1,244	111.982239369	0.0748254797323515
102694.187813	52,867	16,394	1,194	112.604246730	0.0578879801173976
82267.745712	52,568	13,171	967	90.277199577	0.0506047920360589
71255.182689	46,407	11,675	929	78.181696560	0.0380441549981777
80957.043049	47,716	12,955	920	88.725664251	0.0599862531649969
78578.165840	63,126	12,655	971	86.222379218	0.0680224569507825
87019.535966	53,555	14,940	86	170.306886352	0.0680224569507825
87256.023275	53,586	15,454	95	162.683913811	0.0707230306010155
86886.136911	53,592	14,906	128	171.045919130	0.0707230306010155
71875.009211	58,613	11,348	776	78.778709271	0.0706485064003592
90197.675726	67,705	14,620	1,060	98.889993051	0.0764144696866836
68257.214660	51,030	10,855	801	74.722572301	0.062624912282892
101174.828619	81,155	16,419	1,145	110.825889227	0.082484834759209
81693.479087	57,077	13,137	968	89.593614374	0.077024414706426
74299.874210	63,623	11,830	838	81.362536982	0.0741654029969374
74536.599730	51,923	12,084	902	81.732818207	0.0591475511508819
80418.303102	55,758	12,924	944	88.094477158	0.0709155090905249
100315.391129	54,924	15,847	1,163	109.891207416	0.0805413808712973
83783.392933	49,789	13,474	973	91.847545852	0.0788220918668033
78644.376157	55,825	12,175	949	86.384502652	0.0556016840305921
88450.218258	47,385	14,416	1,027	97.123726231	0.0760468685680405
82632.011108	51,151	13,280	1,006	90.591799699	0.0741898547190587
91085.873477	53,248	14,780	1,050	99.773311146	0.0798606253117692
104367.185811	74,335	16,918	1,310	114.531171360	0.0897491669369228
82709.401584	47,768	13,161	973	90.604202653	0.0688028317609392
80493.837038	57,360	13,039	938	88.369003338	0.0572080594389482
84981.277028	53,793	13,378	967	93.016696302	0.057489185320009
86900.175872	62,278	13,979	987	95.200573183	0.0746217069569843
91921.403788	67,452	15,127	1,116	100.645748256	0.085887985457125
90392.478721	50,182	14,505	1,000	99.003587646	0.0857599715390969
81303.661662	57,955	12,779	948	89.065079652	0.0682600911481162
96113.669611	74,416	15,521	1,113	105.160565143	0.0480172736000158
67162.337047	47,687	10,849	735	73.525763032	0.0685280750087863
96712.431710	63,979	15,368	1,107	106.005239912	0.0641655867143328
85454.550388	56,000	13,781	1,028	93.653904294	0.0897277453255317
101179.298029	49,803	15,915	1,085	110.731529277	0.0820731056044908
99690.444344	78,025	15,930	1,197	109.199980801	0.062836545316738
77148.542073	66,776	12,414	883	84.365856626	0.0795883793609013
115245.850503	57,516	18,512	1,283	126.094079106	0.0830643018547191
83698.666609	53,485	13,509	960	91.655683225	0.0858311897731386
73279.714629	51,731	11,752	871	80.439498946	0.0936719139690134
107701.289681	54,084	17,019	1,179	117.957015644	0.0860685803853053
80317.756917	81,915	12,806	918	87.983739123	0.0558634456001811
102843.379017	73,388	16,334	1,167	112.597327164	0.0885447693423299
77273.765107	59,246	12,515	972	84.686856149	0.0437599934821481
97871.350954	58,125	15,537	1,099	107.157435663	0.0668614634489447
90979.951359	72,071	14,576	1,117	99.875726507	0.155386445558677
102036.135206	49,828	15,889	1,137	111.603637497	0.154330334563988
85362.786324	53,908	13,432	984	93.442473909	0.151680734589059
109429.803517	62,335	17,525	1,115	119.725835922	0.159436312548658
101289.674120	78,067	16,262	1,076	110.993958206	0.159141508827361
98649.319573	55,930	15,753	1,031	107.842713577	0.166416732379115
81479.418459	60,623	12,867	866	88.962528530	0.153885645930577
108353.703909	56,426	17,137	1,081	118.366124024	0.155508379901083
123618.443231	55,017	20,082	1,479	135.577406409	0.144163884998046
97096.156941	105,361	15,240	1,110	106.200359110	0.137898271963103
85005.976822	58,596	13,403	975	93.095015284	0.139114473344944
123714.498153	55,172	19,534	1,401	135.339261691	0.141599513379501
94108.147694	47,565	15,026	1,140	103.160122744	0.132553302178675
84268.977232	47,580	13,503	928	92.299296554	0.137391504343929
93808.082789	68,591	15,015	1,152	102.928802668	0.140808277410577
94607.138522	59,252	14,831	1,105	103.549272948	0.134248055741853
76032.863591	55,196	12,318	859	83.265536652	0.136040485972382
81335.883612	58,007	13,038	1,005	89.268763225	0.120591546887679
80675.949345	56,997	13,159	1,032	88.518174495	0.13895296607791
81700.221106	54,557	13,176	1,069	89.601755569	0.130909633040787
90449.303180	50,918	14,284	985	98.944638314	0.138023030937579
108108.947338	73,992	17,521	1,284	118.489809575	0.139998154169202
79951.384698	50,247	12,966	935	87.693715136	0.13328941642961
82190.946194	63,818	12,786	879	89.837779038	0.121651587268496
91855.593170	62,291	14,480	1,014	100.569296915	0.137604100255013
85955.883309	54,303	13,643	920	93.962847364	0.134199085009884
84294.719447	56,642	13,285	869	92.004720461	0.146520953934552
62953.439038	54,861	10,041	729	69.010022720	0.0357449227848738
64883.414238	47,599	10,384	761	71.040462676	0.023616193804869
67099.924693	50,425	10,548	761	73.635166700	0.0265740528402618
88034.553669	50,899	13,912	893	96.261430825	0.027811163018253
96579.172974	56,327	15,549	1,175	105.788771432	0.0227841659079753
87210.187008	54,350	13,965	1,009	95.411905370	0.0278661511450592
87306.984750	67,810	13,801	926	95.395521905	0.0406324519263224
106009.744808	65,511	16,713	1,074	115.892701032	0.0420408793969321
111074.602378	53,554	17,270	1,180	121.241441724	0.0552283645434981
91808.855702	67,297	14,643	1,125	100.735827117	0.0715448608335359
109360.866849	87,580	17,336	1,299	119.797833793	0.0630171327871962
95142.903130	61,755	15,528	1,141	104.212260009	0.0375656730493224
87157.083296	66,812	13,718	922	95.318487599	0.0495069556331212
73426.854820	52,862	11,532	789	80.375584807	0.0629385279383891
112748.439930	66,329	17,794	1,251	123.360656413	0.0632907236367098
119508.421569	63,404	18,707	1,201	130.610586911	0.0404932818973033
99284.400418	49,533	15,585	1,111	108.651473763	0.0600578475950966
73916.014540	55,303	11,874	771	80.792864919	0.0656737514064268
111286.154476	58,197	17,608	1,158	121.639075998	0.0783472416426561
88292.682064	60,822	13,877	1,041	96.614016314	0.0811600912585696
98954.250047	60,943	15,650	1,258	108.612081106	0.0640685018768345
89790.826416	65,384	14,207	910	98.044498692	0.0852415756785062
112688.834525	54,443	18,062	1,303	123.340086104	0.0769591315839355
103693.342777	56,641	16,314	1,110	113.424985547	0.0864649911149425
115393.199944	66,847	18,261	1,272	126.203188299	0.10222058441896
66915.328461	50,305	10,945	825	73.344124980	0.0947299438035234
101247.113963	65,589	16,023	1,120	110.879183848	0.114085043738615
107641.461752	54,171	17,083	1,232	117.797932706	0.0967338469297626
87753.810323	59,366	13,924	949	97.196030476	0.125577541987443
108299.194248	71,968	17,047	1,143	118.256539703	0.13093989658323
85698.772655	72,689	13,344	943	93.803963411	0.124920344143851
102381.821066	51,307	16,108	1,133	112.021441083	0.119506799768983
114980.829128	58,098	17,822	1,101	125.451217328	0.120651293027885
106891.623786	52,010	16,685	1,034	116.648485693	0.125826171229823
101513.045446	53,589	16,013	1,142	111.157384337	0.129800129781482
97404.350508	53,454	15,054	1,045	106.401084543	0.124411888208165
69763.677462	49,390	10,895	811	76.365006203	0.131935476943076
82837.180290	49,921	13,189	969	90.825037259	0.136413223976977
105321.899759	87,945	16,425	1,153	115.090788932	0.135327000184007
85848.859650	55,323	13,449	975	94.027223128	0.129528538269161
79276.237505	59,802	12,814	924	86.863522449	0.128000859305009
102796.520768	54,175	16,304	1,069	112.410678875	0.129033958178311
111539.243356	54,458	17,343	1,249	122.081180306	0.0207145918005018
98224.832879	58,183	15,193	1,093	107.478260274	0.0357352842383721
64601.977884	50,607	10,112	710	70.629569554	0.081629447369352
75078.575578	48,799	11,640	831	82.153766344	0.0580167635822423
112868.286435	73,743	17,779	1,428	123.797526158	0.0380501675598636
97490.330349	79,099	15,608	1,164	106.617097098	0.0514091584690136
82673.472446	55,279	13,026	1,037	90.627442537	0.0644008007597353
127216.761941	66,509	20,131	1,475	139.042228800	0.0607486251219766
110322.334971	62,882	17,006	1,247	120.650840110	0.049360857494519
126410.694991	80,227	19,695	1,438	138.217052644	0.0371095082772825
128305.445175	53,583	20,330	1,319	140.161285777	0.0329125665258225
110826.991015	52,499	17,572	1,210	121.227685010	0.115879320823602
78600.225350	57,302	12,374	928	86.084601930	0.0910109479173916
86445.467598	56,078	14,004	1,044	94.610741294	0.0828821123991227
94657.535426	58,598	14,780	1,035	103.562503057	0.0795156620148119
119744.210117	56,612	18,883	1,319	130.976146137	0.0778828181556903
122137.177437	80,330	19,250	1,327	133.563331406	0.074582418901549
74551.077706	57,646	11,884	844	81.551277270	0.0800476543449078
80627.824948	47,379	13,026	955	88.436588910	0.0987676298537503
70306.819136	50,516	11,035	780	76.932912461	0.0785222808743773
119630.513724	51,028	18,888	1,306	131.144591494	0.104072070234617
120093.461735	68,848	19,082	1,365	131.305757898	0.117923296730024
80766.072469	48,881	12,764	812	88.227620322	0.101269505251998
127362.827005	51,638	20,615	1,551	139.622958433	0.0986162226010081
71578.647002	49,008	11,342	804	78.250272465	0.094938425778206
116689.278344	55,329	18,483	1,310	127.655881106	0.0887215398442159
74619.116123	49,905	11,932	853	81.707252556	0.0999829240039735
112686.115242	53,832	17,775	1,153	122.910867681	0.0992536289264543
125206.997584	46,828	19,858	1,359	136.892130575	0.105231133140974
80290.340562	47,638	12,573	842	87.636809459	0.113382015487654
77750.621313	48,974	12,370	892	85.135075320	0.111017709124889
83608.266746	61,607	13,201	876	91.344978461	0.106672638468879
75992.460343	70,505	12,373	900	83.131283049	0.103743101017035
114241.275583	55,868	18,235	1,304	124.917002948	0.1131225903571
81429.994333	46,648	12,913	904	89.047368037	0.112377016777026
86700.929015	48,896	13,693	964	94.859131314	0.111385467132974
85557.850053	91,796	13,894	1,031	93.799265639	0.10726494453183
127798.507059	74,934	20,202	1,435	139.782253084	0.10364417508463
104385.773399	54,908	16,515	1,214	114.171903155	0.0978614399436303
82234.717085	55,230	13,376	968	89.991810560	0.103852618093967
77183.595897	50,427	11,993	800	84.289260655	0.119236054136842
110286.489868	62,151	18,056	1,316	120.726340664	0.116025530368084
117667.478981	49,100	18,130	1,235	128.486294890	0.040539911370793
105981.118847	87,134	16,512	1,092	115.814226373	0.046065235417471
77600.830491	68,263	12,423	922	84.965308702	0.0632876083541952
90998.026020	76,879	14,094	1,046	99.472955703	0.0580386572337487
86169.372767	53,893	13,292	847	94.163374384	0.100235113797239
113120.930860	74,310	17,951	1,286	123.681531581	0.0990932351170875
72632.105768	63,199	11,406	798	79.452241613	0.0951601792553139
79463.830838	52,850	12,485	888	86.963301641	0.0941757693142348
90491.572528	51,857	14,340	1,028	98.980017767	0.0773074451457225
92426.546384	52,090	14,351	1,004	101.037848215	0.158715392298205
80710.343078	59,849	12,588	905	88.246178883	0.158601755941717
86043.895639	53,230	13,307	941	94.104058428	0.149296633653616
120376.865654	53,991	19,031	1,420	131.817673204	0.115821016316936
123013.417854	50,882	19,497	1,404	134.641670364	0.16498359167885
116591.618725	81,152	18,492	1,315	127.407160557	0.154712869929134
88721.510708	57,444	14,031	1,014	96.968100612	0.122639393692241
69625.857057	48,633	10,829	700	76.161072383	0.119001355007838
113809.276077	51,377	17,549	1,266	124.401470434	0.115485264676897
93141.356389	48,939	14,704	1,085	101.970967819	0.112270659224444
120346.390805	60,370	19,025	1,238	131.373248985	0.119240759578308
90208.266962	55,917	13,931	916	98.600151575	0.122428559082159
122339.828450	56,907	18,961	1,109	133.309091134	0.117841176816952
99901.222865	54,461	15,529	981	109.248163067	0.121865241688383
94796.936633	53,154	14,903	1,122	103.714514781	0.113429405072445
97966.320952	60,695	15,402	1,067	107.254007360	0.120211616450927
110483.127978	51,993	17,409	1,271	121.234544935	0.116367649749544
107226.146212	49,592	16,489	1,147	117.031691289	0.1145096653665
108296.333410	51,820	17,228	1,329	118.712725111	0.118566796168365
106494.639426	58,340	16,889	1,259	116.540274381	0.126695610075325
98950.437244	72,968	15,517	1,118	108.245505496	0.108101495050208
103248.616426	80,720	16,162	1,178	112.874736503	0.113042599406119
66037.687808	53,830	10,332	737	72.199710750	0.125889044797047
110043.502320	55,621	17,498	1,254	120.392646325	0.108244605244645
83443.714645	55,566	13,427	942	91.225518571	0.105047252221819
72399.365499	51,791	11,640	858	79.143026543	0.107510376654841
79248.675805	51,128	12,741	932	86.723113935	0.102217496049274
80656.773811	50,014	12,917	966	88.304035180	0.102006186842644
82476.674735	58,430	12,639	864	90.106868112	0.10033802982406
74795.877130	47,967	11,956	857	81.734506214	0.105754097368403
87486.737773	56,312	13,653	905	95.557689564	0.0981402153339331
83677.397916	60,160	13,216	948	91.600610862	0.099871892969991
80077.631763	57,940	12,876	1,005	87.877220668	0.09699275738695
106159.832917	57,724	17,157	1,235	116.242242261	0.0392461151592188
114843.355038	51,606	18,119	1,299	125.628976391	0.0590441736350799
124875.142473	60,181	19,651	1,492	136.701353334	0.0574526071105888
86253.983789	76,530	13,569	964	94.272711118	0.140344576690446
87529.370699	57,112	13,659	1,026	95.869453394	0.135185145967853
110271.670366	72,284	17,352	1,220	120.533128296	0.127018275211811
95740.767863	58,039	15,147	1,009	104.738639236	0.119275585294174
110319.258062	53,693	17,448	1,301	120.818083729	0.119274045245024
109156.735348	62,722	16,932	1,307	119.513543251	0.112896920006822
110160.185119	59,639	16,839	1,217	120.498117141	0.0963575310377844
96502.968498	49,512	15,096	1,119	105.454253863	0.0930575138241914
92708.252569	71,791	14,467	984	101.334083881	0.0954827465414435
115154.363819	61,103	17,884	1,325	126.099745286	0.101894668280365
94256.280877	50,731	14,535	949	102.744125780	0.101753788591766
87712.739250	50,394	13,680	1,025	96.071718042	0.0904306681815961
108030.400928	52,947	17,045	1,266	118.286239751	0.102063219796173
114966.640624	59,584	18,025	1,272	125.658267639	0.0782069639061897
101380.770059	57,262	16,164	1,199	111.075312736	0.0788043683089706
116792.008564	46,741	18,285	1,219	127.640475386	0.0714893868103159
130379.124549	49,375	20,438	1,377	142.367762275	0.0725260620230111
81688.810704	55,221	12,594	805	89.159284534	0.0633384614035989
85964.689205	62,315	13,318	927	93.812208013	0.0676647986597933
100708.815833	93,019	15,771	1,006	110.012718088	0.0802010205731086
116672.278652	54,432	18,230	1,291	127.678943767	0.0824556899490498
93024.127753	59,357	14,602	1,022	101.728847389	0.0799939880915328
70936.552775	56,297	10,957	695	77.403689382	0.0726600966650977
76788.341561	55,922	12,130	858	84.003280459	0.0733669711007368
123954.395626	65,605	19,438	1,410	135.474762187	0.0799169731972952
113147.998257	73,408	17,825	1,248	123.754710118	0.0796170446365183
96322.492323	67,299	15,097	1,098	105.358722145	0.0785284896343856
121587.472465	47,867	18,942	1,343	132.852270009	0.0850215713094977
83765.152488	54,486	12,711	873	91.423794593	0.0835277594832124
111770.838751	61,618	17,509	1,185	122.234570005	0.0923216402542282
77121.662751	53,717	11,916	849	84.299210029	0.0843980479824566
88505.724416	69,387	13,878	1,054	96.961052249	0.0965567955774387
96831.839640	49,839	15,211	1,050	105.834939537	0.0906814444887175
75948.034839	49,664	12,266	906	83.148280894	0.0889840335006505
97230.586482	69,553	15,331	1,171	106.499373790	0.0865969085459052
88908.760470	50,554	13,593	958	97.144025316	0.0882205549130041
76097.362379	59,535	12,022	907	83.224840977	0.0851225376276344
