1488691.7709924	1555820.9770992	23928	171625.11450382
1487704.2096774	1554970.0967742	23928	171738.87096774
1486791.0119522	1554100.8605578	23933.290836653	171775.74501992
1487225.8589212	1554593.0954357	23940	171826.70539419
1486447.6571429	1553853.4857143	23942.334693878	171859.37959184
1485743.8481013	1553205.1139241	23952	171896.27004219
1485421.2773109	1552924.9915966	23953.109243697	171942.63865546
1484827.5772358	1552384.7804878	23964	171975.12195122
1483527.3965517	1551131.0862069	23965.293103448	172014.34482759
1483037.8921162	1550697.1950207	23976	172059.95020747
1482226.3697479	1549920.1008403	23978.87394958	172085.31092437
1481567.6333333	1549318.1833333	23988	172132.26666667
1480648.6141732	1548438.1732283	23993.795275591	172168.72440945
1479645.4153846	1547485.3076923	24000	172207.41538462
1479484	1547380.7407407	24011.111111111	172245.2
1477850.7943262	1545810.9219858	24017.319148936	172298.35460993
1477168.8294314	1545177.4983278	24025.070234114	172335.05016722
1476141.3630573	1544212.8025478	24036	172391.63057325
1475467.7529412	1543601.4705882	24045.164705882	172435.03529412
1475314.6705539	1543506.7172012	24052.326530612	172489.83090379
1474381.5795455	1542639.125	24062.011363636	172541.92045455
1473979.6449086	1542309.0548303	24073.096605744	172598.75718016
1470940.0822622	1539340.3084833	24084.215938303	174963.05398458
1469523.9689922	1538005.1369509	24096	175026.27390181
1467788.4244032	1536338.938992	24107.586206897	175083.93633952
1468154.6435644	1536781.970297	24118.366336634	175146.24752475
1468380.9107143	1537080.8214286	24130.0625	175204.77678571
1467283.4660633	1536072.6153846	24142.995475113	175279.6561086
1466487.5043478	1535372.9043478	24157.026086957	175355.83478261
1466510.5892116	1535484.8215768	24167.601659751	175426.7219917
1465215.2208835	1534292.0803213	24181.759036145	175503.92771084
1465422.974359	1534603.5502959	24199.834319527	175584.58382643
1465120.1240876	1534397.3138686	24215.189781022	175667.67883212
1463471.2701252	1532849.5813953	24228.400715564	175750.15384615
1463757.322314	1533247.3917355	24245.024793388	175842.91570248
1463216.8958991	1532816.044164	24260.769716088	175934.09463722
1462974.4711388	1532703.5569423	24283.063962559	176032.78627145
1462548.5919283	1532392.2929746	24299.838565022	176131.17488789
1462235.9655172	1532200.316092	24318.086206897	176230.49425287
1461732.7075209	1531832.3064067	24338.95821727	176336.21727019
1461529.7297297	1531764.5567568	24357.6	176446.57297297
1461465.5745223	1531841.0598726	24381.406369427	176560.48407643
1480749.3571429	1551248.0714286	24394.833333333	176669.42857143
1480500	1551035.7484277	24400	176700.60377358
1479992.809816	1550562.3067485	24403.239263804	176726.79754601
1479832.4285714	1550441.9047619	24412	176755.97619048
1479937.2045455	1550592.4545455	24413.954545455	176798.97727273
1479000.5454545	1549712.8636364	24428	176837.68181818
1478844.972973	1549595.0702703	24428.518918919	176869.66486486
1477905.8563536	1548697.9226519	24440	176903.16022099
1477925.6820513	1548763.8153846	24440.738461538	176944.45128205
1476575.1340206	1547464.4123711	24452	176974.10309278
1475976.0195122	1546912.2536585	24456.409756098	177010.55609756
1475542.1023256	1546530.1023256	24468	177050.49302326
1474748.0540541	1545779.2252252	24471.297297297	177086
1474085.8833333	1545172.5166667	24480	177132.5
1473836.8188976	1544976.7716535	24488.787401575	177173.59055118
1472552.9850746	1543755.1492537	24499.388059701	177217.76119403
1472209.2720848	1543477.130742	24508	177268.65017668
1471339.5	1542667.6351351	24519.918918919	177314.83783784
1470797.025	1542189.9375	24528.8	177365.0875
1470285.8723404	1541746.662614	24538.820668693	177421.0212766
1469671.5580737	1541203.4447592	24549.529745042	177476.4305949
1468798.4450402	1540410.766756	24564.847184987	177536.84718499
1467581.8953488	1539268.755814	24575.941860465	177597.47674419
1466682.4305177	1538434.3106267	24586.910081744	177652.21798365
1465563.3279133	1537398.2872629	24598.731707317	177716.18428184
1465790.53	1537703.79	24611.05	177780.37
1465992.2426966	1537987.8741573	24628.575280899	177839.72134831
1464477.5535714	1536571.4642857	24642.339285714	177919.26785714
1462880.2780269	1535056.0269058	24655.264573991	177987.65919283
1464083.1411043	1536353.2597137	24669.128834356	178061.20245399
1462410.3577236	1534782.2926829	24685.235772358	178142.72357724
1462064.6692913	1534530.1732283	24701.05511811	178213.08661417
1461630.6285714	1534190.9257143	24708	178297.25714286
1461333.4492754	1533982.9855072	24716.847826087	178375.38405797
1461044.3737024	1533794.899654	24727.259515571	178463.1349481
1460586.1042345	1533450.8143322	24744.970684039	178555.71986971
1460095.8979266	1533068.937799	24757.767145136	178649.18660287
1459870.7834101	1532971.7542243	24778.599078341	178747.74807988
1459173.2982456	1532401.0935673	24797.538011696	178847.42690058
1459140.6022727	1532482.7386364	24808.5	178951.01136364
1458733.2124493	1532204.2868742	24823.128552097	179061.70500677
1458594.3939009	1532206.2160102	24841.98729352	179178.16010165
1478026.2278481	1551778.0759494	24860	179297.5443038
1477297.4267516	1551077.7070064	24868.25477707	179315.97452229
1477564.2195122	1551375.6341463	24872	179342.87804878
1476803.4666667	1550654.5939394	24876.848484848	179373.81818182
1476790.7692308	1550694.7455621	24884	179415.05325444
1475871.3095238	1549810.8333333	24889.80952381	179438.42857143
1476126.1149425	1550111.6321839	24896	179478.43678161
1475421.4606742	1549438.8764045	24897.348314607	179503.7752809
1475132.0216216	1549200.9081081	24904	179543.87027027
1473942.8272251	1548051.1204188	24905.465968586	179582.4921466
1473562.745098	1547711.2745098	24912.37254902	179615.17647059
1472661.0526316	1546860.9569378	24918.851674641	179647.75119617
1472433.0046512	1546681.227907	24924	179689.09767442
1470951.4453782	1545256.2689076	24932.168067227	179734.47058824
1470715.5645161	1545067.7258065	24936.629032258	179774.14516129
1469912.1544402	1544311.6911197	24940	179814.22393822
1469311.8254545	1543767.8690909	24952.901818182	179858.42909091
1468829.5153584	1543352.21843	24959.412969283	179916.20477816
1467851.6363636	1542428.3510972	24965.805642633	179959.05956113
1467540.1981424	1542178.5386997	24972.656346749	180011.73993808
1467045.8682635	1541771.5808383	24993.077844311	180069.53293413
1466310.9752066	1541129.3333333	25015.415977961	180135.74655647
1464161.0898204	1539056	25032.107784431	180196.13173653
1463812.1706667	1538803.0293333	25056.096	180257.94133333
1462472.4065934	1537529.1868132	25066.307692308	180317.6043956
1464297.2678571	1539427.9732143	25079.75	180376.14285714
1463120.7238979	1538350.1438515	25095.693735499	180451.81438515
1461720.8591224	1537032.295612	25107.307159353	180518.3187067
1460577.97669	1535975.4219114	25121.221445221	180582.17249417
1461621.5	1537110.8387097	25136.459677419	180653.09677419
1459812.2268908	1535395.0084034	25145.571428571	180729.73109244
1459812.6134969	1535488.5235174	25155.754601227	180805.75051125
1458983.0337079	1534763.7752809	25176.217228464	180886.48689139
1458534.1309091	1534422.5454545	25189.825454545	180975.92
1458103.026643	1534092.8525755	25207.268206039	181055.54529307
1458078.8854701	1534174.1470085	25220.287179487	181147.78803419
1456928.3435981	1533126.6709887	25232.719611021	181238.71636953
1456875.9044586	1533193.0700637	25250.261146497	181335.38216561
1456722.6011905	1533163.0119048	25267.5	181437.98809524
1455739.9484241	1532300.8309456	25285.415472779	181536.52722063
1456062.2047686	1532755.3884993	25306.373071529	181638.50771388
1455754.2699869	1532584.0471822	25324.629095675	181752.34076016
1475617.2564103	1552567.7948718	25335.102564103	181865.48717949
1474687.1788079	1551681.5364238	25336	181895.52317881
1474768.0506329	1551793.4683544	25336	181927.67088608
1474676.4662577	1551730.3558282	25336	181956.78527607
1474095.2899408	1551186.1775148	25337.230769231	181981.84615385
1473810.8	1550937.4588235	25344.423529412	182013.85882353
1472944.260355	1550108.3313609	25348.071005917	182046.93491124
1472352.5227273	1549559.8181818	25352	182082.22727273
1472257.173913	1549505.9782609	25352.108695652	182121.52173913
1471639.1502591	1548929.5544041	25356	182157.18134715
1470609.1313131	1547937.979798	25357.939393939	182190.02020202
1469654.1176471	1547044.2156863	25372	182227.19607843
1469432.6153846	1546864.9954751	25377.520361991	182265.59276018
1468327.2173913	1545815.4086957	25384	182305.35652174
1467893.2081633	1545431.5102041	25394.726530612	182342.84081633
1467680.7876448	1545268.046332	25401.173745174	182387.75289575
1466437.7794118	1544085.0735294	25412.838235294	182430.85294118
1465854.1894737	1543565.5438596	25424	182474.1754386
1465564.7662338	1543332.0779221	25434.675324675	182519.79220779
1464733.3	1542571.4125	25444.7	182576.45
1464167.5988201	1542076.20059	25452.955752212	182633.81710914
1463005.6089385	1540977.2625698	25459.720670391	182684.44692737
1461677.9339339	1539726.3063063	25469.261261261	182747.18318318
1461429.7222222	1539540.3777778	25474.233333333	182808.18888889
1460304.2386364	1538485.9886364	25483.068181818	182864.56818182
1461458.1369863	1539744.9041096	25511.168949772	182929.23287671
1459392.7817259	1537758.5786802	25524.010152284	182994.12182741
1459454.4351852	1537903.7777778	25534.962962963	183064.55555556
1457673.587007	1536202.8491879	25549.280742459	183129.87470998
1458653.9958071	1537272.3689727	25563.488469602	183201.44234801
1458333.0569106	1537039.5691057	25575.739837398	183275.7398374
1456957.1346939	1535760.1714286	25588.604081633	183351.40408163
1457061.7054264	1535968.4186047	25608.023255814	183431.99224806
1455581.6400742	1534590.6938776	25626.115027829	183512.40074212
1455416.7635727	1534530.2556918	25639.859894921	183600.69352014
1455317.9661017	1534539.7016949	25658.345762712	183687.61355932
1454779.8196995	1534109.2954925	25673.121869783	183777.56928214
1454386.9363057	1533829.343949	25686.178343949	183872.48407643
1453760.7087827	1533325.9476117	25701.072419106	183970.22496148
1453570.2815249	1533256.9912023	25716.158357771	184071.25513196
1453291.3113343	1533105.0329986	25734.817790531	184175.40889527
1452920.8483221	1532864.7677852	25754.24966443	184282.0885906
1472911.0326797	1552983.4248366	25764	184399.21568627
1472332.1528662	1552424.611465	25775.031847134	184409.8343949
1471967.6363636	1552102.2597403	25776	184448.72727273
1471171.35	1551352.075	25787.45	184476.675
1471040.6134969	1551272.3190184	25792	184515.55828221
1470550.9822485	1550798.9112426	25792	184533.84615385
1469682.5517241	1549976.7356322	25796	184578.64367816
1469589.8994413	1549914.972067	25796	184605.18435754
1469443.801105	1549819.9558011	25806.784530387	184641.23756906
1468671.9784946	1549091.5913978	25808	184679.59139785
1465631.6907216	1546097.257732	25818.391752577	184708.98969072
1464352.64	1544853.32	25820.34	184745.08
1463421.8679245	1543994.0188679	25836	184793.43396226
1462901.1502146	1543518.1974249	25840.429184549	184829.01287554
1462148.4979253	1542816.1493776	25848	184866.15767635
1461386.9193548	1542112	25858.403225806	184907.5483871
1460841.4652015	1541615.2820513	25865.758241758	184954.05128205
1459893.4042553	1540730.8652482	25877.985815603	184997.44680851
1459279.4098361	1540181.2590164	25888	185048.15737705
1458811.7820513	1539777.3717949	25899.987179487	185096.15384615
1458677.2612613	1539719.1111111	25910.042042042	185154.60660661
1457473.4252874	1538585.6666667	25918.16091954	185211.51724138
1455828.1547619	1537010.9404762	25932.702380952	185264.58333333
1455202.8685714	1536452.6057143	25941.028571429	185322.35428571
1453958.5617978	1535278.247191	25948.561797753	185386.49438202
1454524	1535913.2849741	25956.632124352	185440.99481865
1454569.4571429	1536033.6571429	25962.723809524	185505.1047619
1453655.6217494	1535195.6217494	25973.919621749	185568.86997636
1452371.6610169	1534005.5205811	25992.290556901	185641.90799031
1453451.010395	1535177.3471933	26001.255717256	185714.34511435
1452346.4628099	1534166.4958678	26012.297520661	185793.45454545
1451204.1048387	1533122.4032258	26035.161290323	185864.08870968
1451040.0157791	1533046.1932939	26044.859960552	185939.09270217
1450718.4830189	1532827.8188679	26056.596226415	186021.99245283
1449504.1666667	1531706.6304348	26067.02173913	186103.72463768
1449632.6451613	1531943.4770798	26086.15959253	186190.6417657
1447907.64	1530333.62	26101.306666667	186286.08666667
1448430.2369668	1530967.7725118	26118.3507109	186377.66824645
1447463.0390016	1530123.5881435	26138.87675507	186473.87207488
1447841.2424242	1530624.3454545	26159.303030303	186571.75151515
1447560.140146	1530466.3824818	26168.204379562	186677.37226277
1447335.2513089	1530360.9528796	26180.513089005	186783.46073298
1466879.7852349	1550021.9597315	26188	186891.73154362
1466790.4968153	1549976.5350318	26203.770700637	186920.99363057
1466704	1549936.8051948	26208	186953.50649351
1466091.3417722	1549353.7721519	26215.746835443	186980.91139241
1465668.6419753	1548983.8518519	26220	187019.01234568
1464752.6708075	1548105.9130435	26224.99378882	187053.88819876
1464632.5748503	1548017.1017964	26232	187066.92215569
1464440.2742857	1547859.8171429	26240.045714286	187100
1463075.5730337	1546553.9101124	26248	187147.37078652
1462793.3259669	1546323.9779006	26252.44198895	187183.77900552
1462012.4842105	1545586.7157895	26260	187219.22105263
1461853.2512821	1545464.2461538	26266.215384615	187249.00512821
1461102.647619	1544764.5714286	26272.323809524	187289.02857143
1459952.625	1543670.875	26282.642857143	187328.71428571
1459207.2413793	1543003.9137931	26310.74137931	187372.15517241
1459062.8215768	1542900.8962656	26313.825726141	187407.18672199
1457908.9846154	1541795.5230769	26316.307692308	187446.43076923
1457559.9020979	1541518.3076923	26337.706293706	187497.14685315
1456672.6619718	1540714.0140845	26360	187555.87323944
1456003.4469453	1540108.6945338	26372	187600.19292605
1455675.6038339	1539850.0447284	26383.079872204	187652.57507987
1454847.5172414	1539089.2068966	26393.816091954	187707.56321839
1453266.2291022	1537579.9009288	26405.510835913	187765.49845201
1452942.8504399	1537326.2991202	26420.586510264	187817.5601173
1451025.2261905	1535483.4642857	26432.321428571	187878.76190476
1451834.0851064	1536362.0531915	26444.319148936	187930.65957447
1451840.8866995	1536446.4630542	26454.305418719	187992.66009852
1449550.2155388	1534240.7117794	26463.378446115	188058.40601504
1449253.2322275	1534024.464455	26476.066350711	188125.95260664
1450717.362256	1535569.197397	26487.045553145	188191.01084599
1449119.7379913	1534060.2882096	26501.790393013	188270.65502183
1448510.4085106	1533544.8	26513.787234043	188342.07659574
1448696.1106719	1533817.8972332	26522.023715415	188418.73517787
1448315.204461	1533537.6728625	26534.944237918	188502.80297398
1447110.5904059	1532437.3505535	26553.225092251	188583.84501845
1447007.0357143	1532435.9714286	26567.435714286	188671.1
1446028.1597222	1531568.6388889	26586.972222222	188757.48611111
1445703.1812081	1531363.2147651	26602.88590604	188850.43624161
1445339.8982512	1531106.9888712	26617.513513514	188943.47853736
1444886.1321045	1530778.015361	26638.193548387	189041.05069124
1444465.9400856	1530485.5121255	26658.990014265	189141.86019971
1444837.8543417	1530986.8235294	26677.355742297	189248.07282913
1464085.3061224	1550349.414966	26688.897959184	189353.93197279
1463766.3673469	1550065.5510204	26696	189376.46258503
1463921.3856209	1550266.0130719	26700.549019608	189410.19607843
1462815.9490446	1549198.8535032	26712	189440.7388535
1462223.483871	1548640.1032258	26712	189471.22580645
1461962.6153846	1548420.7948718	26725.923076923	189497.28205128
1461698.7484663	1548209.9386503	26728	189546.87116564
1461883.1715976	1548433.6331361	26736.49704142	189565.58579882
1460718.2628571	1547320.0228571	26744	189608.77714286
1460352.1828571	1546983.6114286	26746.56	189639.65714286
1459541.8736842	1546214.8631579	26748	189668.65263158
1458648.1428571	1545363.6938776	26756.87755102	189699.14285714
1458376.4705882	1545135.5098039	26760	189737.49019608
1457257.537037	1544058.9444444	26774.611111111	189766.94444444
1456824.6666667	1543673.6396396	26778.09009009	189803.78378378
1456447.7130802	1543352.1687764	26784	189848.03375527
1455349.4198473	1542316.4885496	26793.572519084	189899.78625954
1454527.8422939	1541557.7204301	26801.290322581	189949.50537634
1453904.7042254	1540991.0422535	26813.718309859	189992.05633803
1453789.3986928	1540939.4379085	26824	190040.20915033
1453311.4649682	1540521.4904459	26835.847133758	190084.7133758
1452425.4243323	1539705.5074184	26846.005934718	190143.64391691
1450130.5806452	1537490.9560117	26857.102639296	190207.92961877
1450084.8385269	1537503.6487252	26865.926345609	190251.69405099
1448619.537092	1536114.2433234	26880.403560831	190311.03857567
1449970.4525547	1537537.4403893	26891.503649635	190372.56447689
1448041.6253298	1535702.7651715	26911.609498681	190435.71503958
1447720.9015544	1535449.0880829	26917.523316062	190495.91709845
1446404.2183623	1534219.8610422	26929.945409429	190562.00496278
1447837.5175439	1535732.6491228	26941.675438596	190631.47368421
1446026.8977778	1534003.7866667	26946.506666667	190701.77777778
1445454.6638116	1533510.4325482	26954.817987152	190774.08137045
1444825.9918033	1532966.9590164	26962.016393443	190845.13934426
1445478.5482042	1533717.9886578	26974.827977316	190925.31568998
1444628.8149533	1532976.3588785	26991.446728972	191006.94579439
1443862.9373942	1532316.5211506	27002.003384095	191096.3857868
1443409.0494037	1531968.5860307	27013.846678024	191184.59965928
1443211.5630252	1531874.6016807	27022.084033613	191282.48067227
1442802.016	1531583.1232	27037.9712	191377.9712
1442342.01875	1531231.5	27050.83125	191473.40625
1442188.9383459	1531202.1413534	27068.49924812	191569.32932331
1442227.3730929	1531366.9847434	27087.617198336	191673.15395284
1461864.7375887	1551122.2695035	27100	191777.56028369
1460910.2281879	1550195.8657718	27100	191806.81879195
1460846.585034	1550163.6734694	27110.421768707	191825.44217687
1460683.1895425	1550053.7254902	27116	191865.7254902
1459945.7631579	1549356.8947368	27120.342105263	191903
1459640.8888889	1549097.0457516	27128	191933.49019608
1459418.5093168	1548908.8944099	27128.894409938	191972.94409938
1458760.5176471	1548299.0823529	27140	192000.61176471
1457798.9112426	1547375.4792899	27140.449704142	192033.70414201
1457395.8895028	1547016.3093923	27156	192061.79005525
1456760.688172	1546421.5483871	27156.387096774	192093.11827957
1456470.3036649	1546189.6544503	27168	192138.38743455
1455538.4950495	1545287.7227723	27170.178217822	192162.81188119
1454817.5483871	1544617.2903226	27180	192198.6359447
1454397.9555556	1544248.5333333	27190.666666667	192238.98666667
1453763.9663866	1543666.6722689	27196	192281.68067227
1452866.4902724	1542827.9688716	27208	192329.92996109
1452032.6666667	1542051.7925926	27210.42962963	192373.6
1451266.3213115	1541334.1508197	27215.48852459	192417.25901639
1451232.1766562	1541368.1009464	27228	192468.7444795
1450734.8571429	1540935.0807453	27239.217391304	192518.83229814
1450248.1785714	1540519.7261905	27249.678571429	192579.19047619
1448160.591195	1538498.8805031	27260.528301887	192632.74213836
1447894.0705882	1538301.0352941	27271.341176471	192688.82352941
1445956.4833837	1536432.1329305	27282.634441088	192742.71903323
1448031.1198044	1538583.6968215	27298.386308068	192803.81418093
1445874.5698925	1536510.0430108	27308.731182796	192866.19354839
1444278.3719677	1534982.8355795	27316.851752022	192924.46361186
1443985.0223325	1534761.2109181	27320	192989.28039702
1445021.9954442	1535867.9544419	27323.207289294	193051.40774487
1443982.1538462	1534921.1221719	27340.678733032	193122.8959276
1443327.8864629	1534345.790393	27345.563318777	193193.30131004
1442677.3360825	1533787.3072165	27355.66185567	193270.96907216
1442800.0301318	1534010.1318267	27372.13559322	193349.90583804
1441700.9323843	1533006.8825623	27377.893238434	193432.39145907
1440967.3100917	1532371.0238532	27388.271559633	193520.93211009
1440682.4849558	1532190.4283186	27400.021238938	193609.30265487
1440325.6660929	1531938.6506024	27409.583476764	193697.91394148
1440465.2084006	1532193.5056543	27424.575121163	193788.69789984
1440081.2979719	1531929.8221529	27442.059282371	193888.51794072
1439745.5952733	1531705.9793205	27459.131462334	193982.71196455
1439602.0114286	1531693.4628571	27481.177142857	194089.22857143
1459344.0839161	1551549.034965	27491.86013986	194189.17482517
1459120.3943662	1551366.7605634	27500	194214.5915493
1458222.6111111	1550509.6944444	27504	194245.55555556
1457924.1059603	1550249.8807947	27519.920529801	194271.60264901
1457420.4563758	1549784.2147651	27524	194298.87248322
1457086.9433962	1549498.0125786	27533.86163522	194330.71698113
1456390.475	1548835.875	27536	194363.325
1456078.6181818	1548575.2484848	27542.909090909	194401.67272727
1455689.5764706	1548226.5647059	27548	194432.16470588
1455144.0223464	1547726.9050279	27556.379888268	194465.09497207
1454508.7909605	1547127.7288136	27560	194493.19774011
1454169.7684211	1546825.6421053	27560	194533.6
1453664.3461538	1546361.5769231	27560	194569.73076923
1452049.1775701	1544793.5327103	27563.38317757	194607.94392523
1451719.2217195	1544504.8868778	27566.841628959	194645.30316742
1450946.4333333	1543798.6833333	27580	194698.2
1450294.1915709	1543185.1340996	27585.793103448	194724
1449382.2442748	1542334.1068702	27593.282442748	194776.1221374
1448971.3357401	1541980.4187726	27604	194816.3898917
1448378.7744108	1541446.2356902	27614.37037037	194864.35016835
1448058.1032258	1541197.083871	27628.55483871	194915.70322581
1447110.3292683	1540319.5853659	27639.158536585	194974.01219512
1445120.130719	1538399.6862745	27650.274509804	195031.21568627
1445404.4790419	1538748.3113772	27660.634730539	195083.41317365
1443300.0493827	1536716.8641975	27671.617283951	195144.13580247
1445474.1411192	1538972.7201946	27687.114355231	195200.57420925
1443333.709589	1536906.4219178	27693.873972603	195265.42465753
1442124.3794038	1535765.7452575	27698.081300813	195326.85094851
1441536.3929471	1535257.1586902	27707.073047859	195390.76070529
1442745.478458	1536550.2040816	27720.916099773	195454.88435374
1442280.8730512	1536174.2895323	27737.131403118	195521.98663697
1441195.059867	1535176.7361419	27753.002217295	195595.45011086
1440190.5732484	1534265.418259	27767.719745223	195668.93418259
1440141.962406	1534312.962406	27780.060150376	195747.11278195
1439363.985267	1533627.6464088	27788.751381215	195831.58747698
1439194.189781	1533570.4014599	27805.635036496	195918.6350365
1438684.8738899	1533172.8880995	27819.808170515	196004.63943162
1438233.3174873	1532822.139219	27828.441426146	196092.77419355
1437668.9803922	1532366.254902	27837.640522876	196187.8627451
1437488.5803432	1532293.1045242	27850.08424337	196282.24648986
1437367.9757208	1532293.6449165	27870.846737481	196376.30955994
1437026.4748201	1532079.9827338	27893.807194245	196478.07194245
1456530.25	1551701.5277778	27905	196582.5
1455732.2535211	1550938.084507	27912	196608.33802817
1456067.6879433	1551312.4822695	27916	196635.23404255
1455405.3972603	1550707.5890411	27931.97260274	196670.98630137
1454946.3466667	1550275.8933333	27932.453333333	196704.16
1454602.4324324	1549966.6216216	27944.108108108	196718.67567568
1454102.2857143	1549527.4047619	27948	196766.97619048
1453251.6610169	1548712.6101695	27951.118644068	196803.70621469
1452489.6629213	1547984.0898876	27960	196823.73033708
1452863.5116279	1548398.3023256	27960.209302326	196855.13953488
1452032.8602151	1547620.9892473	27976	196892.86021505
1451425.2842105	1547042.9684211	27977.621052632	196927.07368421
1450629.6767677	1546300.1414141	27988	196960.3030303
1450103.6431925	1545825.258216	27993.408450704	197003.13615023
1449133	1544904.6545455	28000	197044.41818182
1448345.3276596	1544168.8680851	28014.365957447	197078.00851064
1448027.1967871	1543902.313253	28019.116465863	197120.14457831
1446756.5454545	1542690.4545455	28024.303030303	197168.21212121
1446653.5944056	1542643.2447552	28032	197216.88111888
1446042.4221453	1542091.4602076	28039.224913495	197260.05536332
1445506.9438944	1541606.3762376	28043.02310231	197307.03630363
1444779.9516616	1540955.141994	28055.033232628	197366.87613293
1442965.8831169	1539199.4805195	28065.454545455	197412.58441558
1442566.2095238	1538877.3714286	28075.580952381	197471.49206349
1441120.3076923	1537495.6430769	28086.658461538	197525.67384615
1441568.0340909	1538012.7386364	28098.386363636	197580.375
1440526.7472527	1537053.4285714	28115.230769231	197639.56043956
1439557.1150895	1536175.1918159	28132	197709.16624041
1438761.3496333	1535459.207824	28143.91198044	197771.49144254
1440008.7037037	1536784.7592593	28157.462962963	197834.96296296
1439663.5283447	1536526.4399093	28168.62585034	197902.38548753
1438275.2882883	1535234.9099099	28187.63963964	197978.22522523
1434011.293617	1531063.2765957	28204.008510638	198047.26808511
1434620.8828125	1531771.6015625	28217.578125	198131.140625
1433856.2445759	1531104.6627219	28230.958579882	198209.48323471
1433388.9442379	1530731.2639405	28245.144981413	198290.34200743
1432989.1428571	1530438.7936508	28262.708994709	198376.32451499
1432454.6111111	1530019.0138889	28282.013888889	198466.3125
1431554.4201681	1529234.2386555	28301.351260504	198554.23193277
1431773.1419458	1529567.6108453	28318.232854864	198650.00318979
1430950.1147287	1528862.9209302	28336.012403101	198748.03100775
1431188.0561798	1529222.7921348	28355.005617978	198849.38202247
1450552.4533333	1548715.9466667	28372	198953.38666667
1449642.8266667	1547850.3733333	28376	198986.45333333
1449761.7622378	1548018.4335664	28384.951048951	199017.65034965
1449614.2972973	1547918.0540541	28392	199057.75675676
1449047.0604027	1547380.8053691	28392.77852349	199083.75838926
1448758.7105263	1547127.6578947	28404	199102.92105263
1448325.0512821	1546738.1025641	28404	199143.25641026
1447572.0242424	1546027.4666667	28415.175757576	199173.89090909
1447131.3012048	1545628.2650602	28416	199213.56626506
1446818.9069767	1545356.9767442	28426.395348837	199240.90697674
1446222.5274725	1544799.1208791	28428.417582418	199275.47252747
1445517.6830601	1544140.6775956	28443.081967213	199302.57923497
1444965.0625	1543635.9583333	28444.4375	199348.52083333
1443633.8679245	1542355.509434	28456	199377.30188679
1443336.6210046	1542105.0228311	28460.931506849	199417.29680365
1442855.8283262	1541672.8755365	28468	199458.24892704
1442011.9678715	1540883.0522088	28483.084337349	199493.10843373
1441482.4980843	1540403.3716475	28490.620689655	199534.43678161
1440890.3369176	1539865.6057348	28499.139784946	199578.10752688
1440415.4520548	1539455.7945205	28508.931506849	199629.65753425
1440053.8815789	1539160.75	28520	199680.34210526
1438855.4216867	1538021.8795181	28524	199733.57831325
1438465.7817109	1537695.9410029	28531.197640118	199787.33923304
1436874.6792453	1536180.7672956	28542.41509434	199843.13207547
1435881.5061728	1535252.7037037	28553.37037037	199896.11111111
1435618.342711	1535069.3401535	28564.624040921	199955.52941176
1435437.486631	1534962.7486631	28575.229946524	200020.71657754
1433896.0550964	1533500.2865014	28591.47107438	200076.58402204
1433139.7473684	1532822.9473684	28601.473684211	200144.02105263
1434369.0516854	1534122.9662921	28607.253932584	200208.38651685
1432583.0140845	1532417.3802817	28613.23943662	200274.44131455
1432508.1731602	1532427.1601732	28623.203463203	200346.12121212
1432655.1283096	1532669.6700611	28640.211812627	200418.14256619
1431695.904	1531801.936	28653.968	200497.968
1431166.0338983	1531364.007533	28662.237288136	200580.48964218
1430246.7743119	1530552.9541284	28675.478899083	200663.28807339
1430222	1530623.2805755	28682.374100719	200747.45323741
1429946.6223776	1530459.7062937	28702.853146853	200834.77622378
1428840.7346939	1529467.6394558	28715.87755102	200927.41496599
1429248.9055375	1529978.2996743	28726.977198697	201019.49837134
1428359.2307692	1529199.3491124	28740.094674556	201115.85798817
1429040.1935484	1529997.0909091	28749.190615836	201216.95601173
1448410.0425532	1549492.9078014	28754.524822695	201343.06382979
1447542.057971	1548631.7391304	28760	201339.71014493
1447454.0857143	1548584.1714286	28760.742857143	201375.4
1447479.8344828	1548659.8068966	28772	201404.74482759
1446788.3157895	1547996.4736842	28772	201422
1446957.4901961	1548202.7712418	28782.196078431	201449.30718954
1446109.1578947	1547401.6578947	28788	201487.92105263
1445527.95	1546855.475	28794.975	201515.9
1444948.6117647	1546324.8941176	28800	201553.90588235
1444514.1162791	1545924.2093023	28804.395348837	201582.58139535
1443667.1333333	1545121.0666667	28812	201617.95555556
1443581.1208791	1545073.5384615	28822.065934066	201646.17582418
1442347.8375635	1543897.6040609	28828	201694.15228426
1441193.2822967	1542788.0191388	28838.105263158	201718.31578947
1441095.8130841	1542736.1682243	28842.897196262	201755.90654206
1440340.8347826	1542031.7913043	28852	201797.53043478
1439587.0983607	1541330.9836066	28861.37704918	201841.44262295
1438781.4503817	1540583.9389313	28872.854961832	201882.61068702
1438073.2945455	1539934.1236364	28881.527272727	201929.25090909
1437943.5847751	1539864.1937716	28892	201975.5017301
1437309.4155844	1539286.038961	28895.883116883	202024.97402597
1436579.7784615	1538626.0184615	28905.858461538	202078.08
1435906.7337278	1538030.7573964	28921.408284024	202135.47928994
1434462.7179487	1536662.025641	28932.576923077	202197.38461538
1432616.7173252	1534883.8176292	28943.428571429	202246.48024316
1434654.1442308	1536991.7115385	28954.490384615	202303.55769231
1432782.8508287	1535202.3314917	28967.116022099	202369.23756906
1431671.8162162	1534171.6108108	28983.837837838	202428.77837838
1430475.0913838	1533052.3759791	28996.522193211	202487.88511749
1431820.5727273	1534485.7	29010.427272727	202556.98181818
1430100.6993007	1532852.3916084	29022.881118881	202628.94172494
1430389.8468468	1533227.4864865	29035.567567568	202697.99099099
1430744.9087221	1533668.9330629	29042.953346856	202772.70588235
1429194.5638945	1532221.8742394	29061.574036511	202851.01014199
1428576.2873786	1531699.6116505	29074.889320388	202927.94563107
1428454.7901701	1531675.4555766	29093.103969754	203005.1342155
1427726.755877	1531050.8209765	29107.500904159	203096.36166365
1427099.7128205	1530530.5299145	29117.702564103	203182.24273504
1426569.4132901	1530106.9497569	29134.379254457	203271.2350081
1426306.9708738	1529961.4563107	29151.061488673	203368.16828479
1426443.7594937	1530211.5506329	29165.784810127	203463.12658228
1426268.5596465	1530164.9189985	29186.703976436	203566.92194404
1445719.7391304	1549733.3043478	29197.15942029	203666.69565217
1445476.3356643	1549522.2377622	29204	203692.81118881
1445119.2676056	1549202.9859155	29206.507042254	203720.87323944
1443168.3611111	1547284.8333333	29216	206055.91666667
1441532.7123288	1545680.0273973	29216	206083.5890411
1441725.6315789	1545916.1052632	29226.973684211	206112.34210526
1441336	1545557.7468354	29228.405063291	206132.50632911
1440868.7044025	1545134.5157233	29238.641509434	206163.77358491
1439813.0538922	1544129.5568862	29244	206208.64670659
1439757.9047619	1544100.0714286	29249.214285714	206226.38095238
1439113.7142857	1543507.7257143	29256	206268.86857143
1438557.7608696	1542991.8913043	29261.934782609	206302.7826087
1437916.9447236	1542403.3567839	29272	206339.83919598
1436729.0754717	1541260.7735849	29281.056603774	206374.32075472
1435885.124424	1540464.8847926	29285.198156682	206409.05069124
1435440.0165289	1540076.677686	29296	206454.54545455
1434684.7424242	1539381.9545455	29302.772727273	206503.43939394
1434257.7977528	1539008.5992509	29312.988764045	206536.59925094
1433291.4244604	1538107.4964029	29324	206591.20863309
1433027.0136986	1537904.6575342	29331.04109589	206638.52054795
1432099.8151815	1537046.0594059	29340.118811881	206700.81848185
1431478.4342508	1536485.0275229	29350.899082569	206744.89296636
1431229.2179104	1536304.7402985	29363.080597015	206798.17313433
1429432.8176101	1534592.5283019	29385.622641509	206858.96855346
1428417.6815287	1533638.1019108	29396.624203822	206905.01910828
1428549.6206897	1533837.3908046	29408.068965517	206957.89655172
1427440.8314607	1532800.7303371	29420.415730337	207017.59550562
1427098.9837838	1532532.3135135	29429.643243243	207078.46486486
1426281.0666667	1531792.5538462	29441.846153846	207140.09230769
1426612.152019	1532205.8337292	29455.011876485	207203.28741093
1425558.7842227	1531252.1948956	29468.937354988	207277.88399072
1425654.7012987	1531430.6147186	29484.58008658	207342.1038961
1425633.9504132	1531503.4132231	29497.380165289	207420.37190083
1424419.3963783	1530389.8108652	29517.271629779	207499.84708249
1423215.6953908	1529276.4649299	29532.23246493	207573.15430862
1423034.3244207	1529199.8502674	29549.304812834	207656.27094474
1422768.2768166	1529044.3944637	29564.214532872	207745.14878893
1422516.042328	1528899.1111111	29582.306878307	207830.88536155
1422061.1361345	1528561.5663866	29599.078991597	207923.38823529
1421746.8736	1528358.2528	29617.6448	208014.7712
1421215.375975	1527946.5273011	29628.093603744	208115.88767551
1421613.2440476	1528463.2619048	29643.904761905	208213.95238095
1441389.9007092	1548349.5035461	29652	208319.12056738
1440049.7266187	1547041.4964029	29663.798561151	208334.79136691
1440445.2554745	1547470.4233577	29668	208356.23357664
1440048.5333333	1547110.6933333	29674.48	208385.86666667
1439693.1125828	1546798.2251656	29680	208423.9205298
1439097.2894737	1546237.7631579	29682.842105263	208449.81578947
1438762.2051282	1545948.4871795	29692	208483.05128205
1438198.8679245	1545423.4968553	29697.031446541	208510.01257862
1437267.6385542	1544550.0963855	29708	208555.61445783
1437271.6923077	1544578.1301775	29708.213017751	208579.71597633
1436365.8241758	1543723.1208791	29720	208613.93406593
1435860.1827411	1543254.1725888	29721.279187817	208648.91370558
1435114.8837209	1542569.9534884	29732.409302326	208693.28372093
1433595.6396396	1541094.5585586	29737.783783784	208729.44144144
1433881.2612613	1541429.8558559	29748	208763.63963964
1433036.4757709	1540623.7709251	29752.264317181	208798.27312775
1432325.4918033	1539966.6721311	29756.491803279	208837.98360656
1431862.7969925	1539560.0601504	29764	208887.90977444
1431075.4448399	1538826.8185053	29771.060498221	208930.84697509
1430663.8503401	1538473.5646259	29774.176870748	208982.27210884
1429986.179402	1537860.4252492	29780.106312292	209035.86710963
1429081.5515152	1537016.6060606	29790.96969697	209086.10909091
1428726.0776119	1536740.8597015	29802.208955224	209144.8358209
1427014.0372671	1535101.0931677	29817.080745342	209203.16770186
1426309.689441	1534464.8695652	29828	209257.8757764
1425887.9776536	1534123.2513966	29840	209318.82681564
1425195.5640327	1533500.8174387	29852	209375.78201635
1424365.5309973	1532744.2048518	29860.194070081	209436.74393531
1423815.9193955	1532269.8337531	29869.20906801	209497.56171285
1423778.5797101	1532314.5507246	29882.06763285	209563.52657005
1423013.1229698	1531628.4825986	29889.819025522	209634.21809745
1423625.5364238	1532327.3995585	29899.867549669	209701.03311258
1422711.9826464	1531499.4880694	29915.965292842	209772.59869848
1422160.8292683	1531046.7235772	29929.048780488	209849.92682927
1421980.9493892	1530963.7766143	29948.795811518	209927.28795812
1421276.6544118	1530373.0955882	29966.514705882	210015.55882353
1420212.2275229	1529412.1394495	29980.976146789	210096.55779817
1419867.9786096	1529172.1497326	29997.426024955	210183.885918
1419020.6260297	1528439.1499176	30015.182866557	210270.64250412
1419546	1529087.0932476	30033.47266881	210371.7170418
1418943.6802508	1528600.7836991	30051.354231975	210467.84952978
1419323.8484848	1529106.0242424	30070.2	210563.58181818
1438920.9275362	1548826.5797101	30088	210670.46376812
1438014.5611511	1547943.3381295	30088	210689.41007194
1438001.7553957	1547963.2230216	30088.431654676	210715.76978417
1437930.4335664	1547916.4475524	30092	210741.79020979
1437167.68	1547192.8	30092.613333333	210774.64
1437120.6666667	1547192.5333333	30096	210811.94666667
1436347.6578947	1546441.3421053	30096	210831.86842105
1435736.173913	1545865.0434783	30107.254658385	210856.72049689
1435268.9580838	1545454.5149701	30112	210906.37125749
1434431.6904762	1544654.952381	30121.857142857	210930.66666667
1433937.1685393	1544205.9325843	30124	210965.73033708
1433390.371134	1543701.5670103	30134.453608247	210996.18556701
1432342.2912621	1542708	30136	211044.73786408
1431555.0230415	1541963.7603687	30149.235023041	211068.77419355
1431233.5890411	1541685.3150685	30152.639269406	211112.76712329
1430664.8869565	1541179.9130435	30164	211153.51304348
1429540.780083	1540098.9377593	30171.170124481	211186.45643154
1429148.3787879	1539766.7121212	30178.909090909	211236.5
1428412.3717472	1539090.4237918	30188.223048327	211286.60223048
1428208.3875433	1538955.1695502	30203.98615917	211336.77508651
1427376.7466667	1538189.24	30214.4	211383.04
1426667.0440252	1537538.6792453	30221.987421384	211432.74213836
1426164.6846847	1537098.4864865	30232.288288288	211485.39339339
1424247.799373	1535254.7210031	30240.840125392	211544.71473354
1423603.1604938	1534673.7160494	30249.888888889	211598.19753086
1423845.014245	1534980.1937322	30257.299145299	211652.47863248
1422783.9673025	1533993.3623978	30270.070844687	211708.78474114
1422043.3033708	1533332.8988764	30282.573033708	211770.62921348
1421551.7419355	1532919.3225806	30295.322580645	211830.5483871
1421613.5	1533064.1764706	30309.862745098	211894.59803922
1420728.3879908	1532256.9884527	30316.674364896	211961.46882217
1421123.7295082	1532727.9836066	30326.729508197	212026.23770492
1420400.3340471	1532099.640257	30339.597430407	212104.31691649
1419236.1469388	1531029.8612245	30352.840816327	212179.0122449
1419870.7471698	1531757.4113208	30368.437735849	212255.30566038
1419449.6072727	1531444.3636364	30383.723636364	212339.76727273
1418168.825046	1530262.961326	30397.591160221	212423.03499079
1417705.7172775	1529908.8237347	30412.60034904	212510.16404887
1417421.4697987	1529728.1275168	30422.523489933	212601.48322148
1417187.5225806	1529599.2258065	30433.567741935	212693.30322581
1416458.1458967	1528998.1155015	30454.139817629	212794.443769
1416783.2138728	1529442.3063584	30467.630057803	212896.76878613
1436134.8201439	1548914.2446043	30476	213006.04316547
1435587.2676056	1548379.2394366	30482.845070423	213006.56338028
1435502.3380282	1548344.1408451	30488	213044.78873239
1434987.7534247	1547862.8767123	30493.890410959	213075.64383562
1434764.7172414	1547682.537931	30504	213099.03448276
1433986.24	1546934.7466667	30504	213130.37333333
1433792.7692308	1546794.3076923	30522.923076923	213160.97435897
1433307.4716981	1546344.0251572	30524	213190.94339623
1432457.9636364	1545537.9878788	30533.042424242	213216.31515152
1432302.7058824	1545419.1764706	30540	213250.89411765
1431466.1555556	1544627.0888889	30548.666666667	213280.93333333
1430910.010929	1544112.1311475	30552	213310.81967213
1430260.9591837	1543518.1836735	30562.346938776	213355.40816327
1429395.0521327	1542695.2796209	30564.947867299	213396.15165877
1428858.8256881	1542202.0366972	30576	213422.86238532
1428337.5895197	1541732.6812227	30582.864628821	213466.93449782
1427379.2845528	1540837.1382114	30588.325203252	213520.32520325
1426727.2727273	1540229.9848485	30592	213563.01515152
1422952.1863799	1536513.0609319	30601.333333333	213606.95340502
1422280.4713805	1535900.9158249	30613.925925926	213652.65993266
1422091.304918	1535782.0065574	30623.580327869	213702.17704918
1421280.6276923	1535037.0707692	30634.289230769	213756.77538462
1420427.7212121	1534259.6969697	30645.709090909	213811.86666667
1419284.5079365	1533188.3809524	30656.253968254	213869.56190476
1418033.4233129	1531996.8957055	30662.404907975	213920.49079755
1418414.8139535	1532453.6511628	30676.093023256	213980.94186047
1417688.5683646	1531792.5040214	30684.739946381	214035.45308311
1416372.4666667	1530565.1777778	30696.8	214100.51111111
1414769.0917874	1529037.4396135	30704.415458937	214169.2173913
1416042.8899522	1530384.1818182	30710.267942584	214231.62679426
1414881.7433414	1529308.464891	30728.271186441	214297.24939467
1414716.8977778	1529228.3555556	30743.013333333	214365.52888889
1414723	1529337.7008547	30758.623931624	214441.66666667
1413774	1528478.775	30772.066666667	214514.48333333
1414092.0994264	1528888.1223709	30787.755258126	214588.9789675
1412739.7664783	1527645.8757062	30810.651600753	214670.17702448
1412124.5985401	1527137.1240876	30825.051094891	214755.87591241
1412130.7746479	1527248.8802817	30837.887323944	214845.85211268
1411200.5595855	1526418.3005181	30848.186528497	214934.23834197
1411383.2276295	1526701.8021978	30855.673469388	215023.55416013
1411548.0182094	1526971.3444613	30862.148710167	215123.47799697
1410924.125	1526473.5833333	30883.69047619	215222.80357143
1430371.5	1546025.2058824	30891.088235294	215318.67647059
1430485.3043478	1546168.7826087	30892	215337.71014493
1430093.8823529	1545799.6176471	30895.441176471	215353.91176471
1429226.6666667	1544983.9716312	30904	215399.31914894
1429098.3776224	1544893.034965	30912	215417.11888112
1428831.4025974	1544676.7532468	30931.298701299	215445.53246753
1428051.1168831	1543938.8831169	30932	215480.41558442
1427743.4968553	1543672.4779874	30934.867924528	215517.93710692
1427240.5644172	1543200.0245399	30936	215549.22699387
1426280.2573099	1542279.6023392	30944.584795322	215573.14619883
1425886.259887	1541920.519774	30948	215607.63841808
1425266.2054054	1541346.5297297	30955.848648649	215639.22162162
1424566.5473684	1540692.6315789	30960	215675.74736842
1423116.1932367	1539296.2318841	30966.608695652	215717.73913043
1422857.3577982	1539078.6422018	30969.467889908	215761.2293578
1422581.4755556	1538865.9022222	30984	215799.34222222
1422038.3070539	1538365.3775934	30990.622406639	215831.21991701
1421440.519084	1537820	30998.13740458	215874.09160305
1420501.1345455	1536937.4254545	31008	215920.81454545
1419851.4206897	1536353.5448276	31019.420689655	215968.84137931
1419704.0402685	1536269.5436242	31033.020134228	216016.88590604
1418532.1257862	1535164.0125786	31043.459119497	216071.74842767
1418215.0870871	1534907.039039	31054.774774775	216119.56756757
1416558.3333333	1533327.9135802	31066.37037037	216177.85185185
1415571.5384615	1532413.3076923	31077.230769231	216231.69230769
1415620.3815029	1532536.0693642	31093.167630058	216285.94219653
1415149.3367347	1532134.9897959	31101.581632653	216346.7244898
1413781.4986523	1530836.0862534	31107.913746631	216405.76819407
1413163.4423592	1530298.9490617	31120.954423592	216471.97855228
1413073.0918114	1530289.7171216	31134.610421836	216529.99503722
1412501.245283	1529799.6132075	31148.924528302	216599.52830189
1413007.6036036	1530398.4144144	31168.306306306	216666.74774775
1411298.4069264	1528777.1948052	31180.251082251	216739.44588745
1411176.057377	1528746.4918033	31193.229508197	216816.13114754
1411932.296846	1529595.7105751	31204.905380334	216891.80705009
1411510.7703436	1529273.084991	31213.56238698	216977.22242315
1410294.0255941	1528157.4113346	31229.111517367	217063.55393053
1409383.5649123	1527356.1403509	31243.150877193	217150.80701754
1409500.6091371	1527578.680203	31255.302876481	217239.73604061
1408515.6837209	1526717.2651163	31273.525581395	217335.59689922
1408819.2970451	1527136.0684292	31291.620528771	217430.30171073
1408567.2563718	1527011.6521739	31314.602698651	217530.65667166
1427682.2446043	1546247.971223	31324	217646.99280576
1428354.3428571	1546940.8	31330.942857143	217651.42857143
1427452.6241135	1546086.070922	31336	217687.03546099
1426960.6478873	1545627.4647887	31338.028169014	217711.63380282
1426835.2	1545535.6413793	31348.468965517	217742.23448276
1426170.6052632	1544908.9736842	31352	217769.44736842
1426044.6451613	1544840.0774194	31363.458064516	217812.36129032
1424670.1794872	1543484.1282051	31364	217827.07692308
1424615	1543477.025	31372.975	217860.825
1424138.1538462	1543041.9171598	31376	217896.30769231
1423178.7777778	1542144.1333333	31388.8	217937.17777778
1422741.7419355	1541742	31392	217967.72043011
1422310.0631579	1541353.2210526	31401.094736842	218001.09473684
1421445.4285714	1540528.1904762	31404.571428571	218032.57142857
1421122.5069124	1540269.3640553	31419.760368664	218076.35023041
1420367.6216216	1539581.4954955	31431.981981982	218113.36936937
1419353.8151261	1538615.9159664	31442.386554622	218152.30252101
1418640.6692607	1537954.8015564	31449.276264591	218194.16342412
1417855.6725979	1537233.7366548	31458.120996441	218243.84341637
1417276.0428571	1536711.4142857	31468	218287.42857143
1417309.8503401	1536811.3469388	31480.136054422	218337.59183673
1415783.3902439	1535361.8536585	31494.243902439	218398.76829268
1415444.7613636	1535093.9431818	31504.659090909	218454.17045455
1413881.4730159	1533592.431746	31514.552380952	218506.55238095
1412458.5650794	1532241.3206349	31525.676190476	218563.54285714
1413182.9404762	1533034.6309524	31533.785714286	218616.76190476
1412492.1643836	1532414.739726	31546.279452055	218673.78630137
1410853.0337079	1530843.5955056	31559.179775281	218727.62921348
1410280.1671018	1530351.8015666	31572.041775457	218792.27154047
1410918.0294118	1531071.9117647	31585.343137255	218858.39215686
1410251.0380952	1530484.7333333	31596.066666667	218922.08571429
1409324.5964912	1529637.8333333	31608.01754386	218991.13157895
1408865.764454	1529275.0321199	31620.368308351	219064.45396146
1408875.2704403	1529370.0880503	31633.987421384	219137.47589099
1409109.9051233	1529705.4041746	31645.032258065	219224.39468691
1408791.545611	1529489.1635112	31658.017211704	219308.69535284
1407444.3443223	1528246.8131868	31672.73992674	219395.15018315
1407192.9257951	1528106.7137809	31688.06360424	219481.92226148
1406812.197615	1527831.0868825	31700.415672913	219570.67802385
1406245.2956811	1527372.1727575	31709.42192691	219662.47840532
1406353.0353698	1527584.1414791	31720.784565916	219755.9807074
1406119.7454545	1527473.1939394	31734.775757576	219855.5030303
1425757.0571429	1547217.9714286	31744	219955.8
1424973.106383	1546471.0638298	31751.80141844	219977.81560284
1424946.3661972	1546479.8309859	31760	220012.45070423
1424303.8611111	1545875.4166667	31760	220049.33333333
1424694.0810811	1546310.7027027	31771.972972973	220073.48648649
1423508.3489933	1545164.1073826	31776	220101.71812081
1423564.5526316	1545267.1842105	31783.736842105	220137.47368421
1422960.2278481	1544690.7341772	31788	220162.98734177
1421935.097561	1543708.902439	31794	220197.34146341
1421568.5	1543392.5	31800	220232.21428571
1420662.7885714	1542515.3142857	31805.851428571	220254.90285714
1420565.6521739	1542473.173913	31816	220293.5
1419252.1865285	1541207.2953368	31823.274611399	220330.92227979
1418844.0582524	1540838.368932	31828	220365.78640777
1418524.9860465	1540576.8186047	31838.604651163	220404.13023256
1417579.5438596	1539678.1403509	31843.456140351	220443.80701754
1416724.2323651	1538877.8257261	31856	220485.26141079
1416133.9455253	1538342.459144	31866.365758755	220522.6770428
1415936.8271186	1538198.6033898	31873.247457627	220566.57627119
1415182.4818482	1537509.2277228	31880.514851485	220619.41914191
1414711.1333333	1537108.5066667	31892	220676.44
1413534.918239	1535996.9433962	31906.93081761	220725.9245283
1413189.5731707	1535720.1707317	31918.207317073	220777.47560976
1411381.8471338	1533989.5159236	31926.382165605	220837.96178344
1410781.4303797	1533453.3797468	31936.506329114	220890.64556962
1410808.980057	1533547.2820513	31947.452991453	220940.61538462
1410241.1553134	1533052.719346	31959.498637602	220997.54768392
1409018.5988701	1531909.2090395	31975.762711864	221057.52542373
1408572.4960422	1531538.2796834	31989.055408971	221118.49076517
1408558.0298507	1531597.1144279	31998.905472637	221177.13432836
1408111.902439	1531228.8292683	32005.580487805	221240.0195122
1408140.1069042	1531341.1670379	32013.70155902	221313.22048998
1406941.8905908	1530229.356674	32028.008752735	221387.45733042
1405711.6833333	1529096.75	32043.941666667	221466.2
1406840.810219	1530317.7956204	32049.620437956	221544.29927007
1405953.9085923	1529533.1480804	32061.440585009	221628.12431444
1404884.6153846	1528568.7252747	32077.494505495	221712.08791209
1404724.8327402	1528516.5978648	32099.786476868	221797.43772242
1404438.2260274	1528339.7808219	32115.5	221886.78082192
1403940.8859935	1527953.0553746	32133.413680782	221976.49511401
1403645.0219436	1527774.8275862	32153.504702194	222068.97805643
1403900.5525526	1528148.990991	32171.381381381	222163.86186186
1423607.2	1547974.9428571	32180.485714286	222270.88571429
1422628.1449275	1547019.5362319	32195.362318841	222277.97101449
1423413.7142857	1547837.9428571	32196	222312.05714286
1422409.1586207	1546871.9172414	32202.537931034	222340.35862069
1422188.7092199	1546685.7021277	32208	222363.68794326
1421031.8378378	1545566.3243243	32210.594594595	222397.08108108
1420306.6490066	1544900.5827815	32224	222439.54966887
1419772.4129032	1544394.0645161	32224	222462.73548387
1419419.2883436	1544088.4907975	32240	222497.05521472
1418889.0299401	1543587.9760479	32240	222515.32934132
1418173.920904	1542923.2090395	32251.502824859	222549.28813559
1417788.4916201	1542590.301676	32256	222591.86592179
1417093.2210526	1541958.6736842	32264	222641.32631579
1416647.5121951	1541529.8926829	32266.926829268	222659.45365854
1416047.5700935	1540989.6635514	32276	222704.48598131
1414875.2274678	1539869.6480687	32283.879828326	222742.2832618
1414870.6159696	1539908.5627376	32288.258555133	222782.57034221
1413855.6716418	1538947.1343284	32295.880597015	222827.44776119
1413436.2014388	1538586.8776978	32303.553956835	222870.8057554
1412712.7247387	1537936.2787456	32312.808362369	222922.84320557
1412271.9207921	1537553.4125413	32322.693069307	222970.4950495
1411160.2131661	1536501.9184953	32333.730407524	223022.68338558
1410899.8072289	1536317.8433735	32348.915662651	223079.65060241
1409276.4485981	1534759.7009346	32356	223133.34579439
1408356.7753846	1533894.9784615	32356	223188.07384615
1408387.5697674	1533988.7906977	32359.697674419	223243.1627907
1408279.9162304	1533952.3664921	32371.319371728	223295.78010471
1406740.718232	1532490.0552486	32384.563535912	223357.88950276
1406141.1279373	1531977.1697128	32397.754569191	223427.84334204
1406001.2030075	1531919.5388471	32411.458646617	223487.73934837
1406166.0273973	1532164.2922374	32425.835616438	223553.66210046
1405604.9115044	1531687.7522124	32440.654867257	223622.07079646
1404762.4753747	1530944.8479657	32456.462526767	223701.37044968
1403808.2753036	1530078.1376518	32467.951417004	223771.74089069
1404734.1333333	1531093.5777778	32474.918518519	223848.85185185
1403892.5454545	1530358.5018182	32490.705454545	223935.52
1402773.5164835	1529347.4432234	32505.289377289	224020.95238095
1402314.6713781	1528991.2862191	32521.639575972	224104.15547703
1401957.1153184	1528739.4905336	32537.679862306	224193.40447504
1401803.8961039	1528690.8571429	32552.779220779	224282.16233766
1401511.572327	1528516.6415094	32562.238993711	224380.30188679
1401564.1506024	1528687.439759	32577.909638554	224477.92771084
1420943.4705882	1548189.5294118	32587.764705882	224588.73529412
1420426.9352518	1547698.647482	32592	224606.58992806
1420276.2335766	1547581.2554745	32597.868613139	224625.66423358
1419777.9300699	1547125.986014	32604	224663.8041958
1419483.5586207	1546854.7862069	32605.710344828	224680.91034483
1418950.442953	1546364.3221477	32616	224711.65100671
1418580.4444444	1546033.5686275	32616.418300654	224742.19607843
1418248.9689441	1545758.3354037	32635.776397516	224777.76397516
1417034.502924	1544577.8479532	32636	224808.25730994
1416064.0883978	1543645.6353591	32644.751381215	224842.14364641
1416266.5434783	1543883.5652174	32648	224879.32608696
1415675.673913	1543352.0434783	32654.260869565	224910.56521739
1415223.2421053	1542949.2210526	32664	224953.83157895
1414002.1871921	1541777.0049261	32672.866995074	224987.11330049
1413611.1481481	1541427.1296296	32677.333333333	225020.44444444
1412994.2342342	1540862.6306306	32688	225063.90990991
1412078.0504202	1539998.487395	32695.56302521	225096.18487395
1411388.59375	1539362.8125	32707.140625	225142.5
1410767.0144928	1538802.3043478	32716.043478261	225188.68115942
1410263.0140845	1538357.5774648	32728	225234.28169014
1409778.9634551	1537928.717608	32738.312292359	225280.17275748
1409059.0506329	1537283.9240506	32748.772151899	225337.69620253
1407307.8062284	1535591.7647059	32757.176470588	225387.52941176
1407061.6594427	1535406.3157895	32769.523219814	225437.73374613
1405304.7876923	1533721.5876923	32777.427692308	225493.68615385
1406222.816092	1534709.0574713	32783.896551724	225549.22988506
1405673.8842975	1534230.6446281	32796.429752066	225603.75757576
1403848.299169	1532485.7285319	32808.91966759	225667.33518006
1403759.2941176	1532483.1764706	32825.058823529	225734.16666667
1404037.6056338	1532837.5117371	32837.17370892	225796.0657277
1403913.4675615	1532801.5302013	32851.722595078	225864.2147651
1403081.3814898	1532062.5643341	32864.054176072	225942.03160271
1402303.4935622	1531371.7424893	32875.175965665	226013.76824034
1401475.3112033	1530635.4688797	32889.261410788	226089.14522822
1401840.952381	1531088.5485714	32898.041904762	226168.03809524
1400922.0990826	1530261.9522936	32906.517431193	226243.43486239
1400470.3321033	1529917.5867159	32922.723247232	226328.15498155
1399777.6783217	1529320.3566434	32937.062937063	226410.43356643
1399575.7414966	1529233.3673469	32953.768707483	226501.7414966
1399162.2487562	1528939.5887231	32977.227197347	226593.19402985
1398770.1640379	1528667.8107256	32994.668769716	226688.14511041
1398850.1752266	1528869.2628399	33009.891238671	226790.97885196
1418393.5428571	1548533.7142857	33016	226899.77142857
1417655.1621622	1547809.3513514	33020.810810811	226908.97297297
1416352.7272727	1546561.6363636	33032	226947.19480519
1416898.9333333	1547119.68	33032	226960.45333333
1417131.260274	1547402.0547945	33039.506849315	227000.76712329
1416428.8366013	1546742.6928105	33048	227031.18954248
1416155.8709677	1546510.6322581	33053.290322581	227063.32903226
1415380.1538462	1545785.5897436	33068	227100.56410256
1414659.5582822	1545094.601227	33068	227126.79754601
1414055.2426036	1544543.7159763	33076	227169.06508876
1413422.3218391	1543941.7931034	33076.206896552	227195.77011494
1410173.2114286	1540738.4457143	33088	227229.44
1409647.0736842	1540242.7578947	33089.663157895	227254.35789474
1408577.7339901	1539226.0689655	33100	227285.63546798
1408231.3303167	1538928.3800905	33106.606334842	227328.68778281
1407213.2622222	1537959.9111111	33112	227363.64444444
1406868.3881857	1537653.7383966	33112	227402.46413502
1405997.8914729	1536841.0077519	33118.775193798	227447.79844961
1404897.0518519	1535800.562963	33131.244444444	227495.55555556
1404668.1863799	1535625.6200717	33140.688172043	227541.77777778
1403968.027027	1534994.5675676	33152	227590.78378378
1403443.0943396	1534532.7044025	33163.044025157	227643.28301887
1401739.020979	1532898.0979021	33173.902097902	227696.99300699
1401611.1768489	1532829.0803859	33185.247588424	227742.48231511
1399753.2993631	1531037.8343949	33188	227798.40764331
1400477.5029586	1531821.6686391	33192.213017751	227847.06508876
1399886.2992126	1531306.2047244	33200.703412073	227911.18110236
1397925.7894737	1529411.1473684	33208.157894737	227967.29473684
1397644.2970822	1529204.3289125	33216.551724138	228029.65517241
1398024.6865672	1529665.4726368	33229.353233831	228092.52736318
1398367.154023	1530090.5563218	33242.087356322	228159.02528736
1398099.754386	1529901.9824561	33251.315789474	228225.64912281
1397524.4069264	1529422.978355	33266.432900433	228299.67965368
1396209.4196242	1528203.0814196	33283.106471816	228377.00208768
1396366.3228346	1528458.5433071	33301.31496063	228451.86614173
1395439.0967742	1527634.4802867	33318.408602151	228539.15412186
1394746.7065421	1527048.9570093	33333.854205607	228626.31028037
1394553.4873646	1526967.9783394	33352.418772563	228706.433213
1394059.630137	1526576.5410959	33368.328767123	228793.63013699
1393618.6423841	1526250.1059603	33389.953642384	228881.96688742
1393318.1514196	1526067.3817035	33410.561514196	228980.170347
1390157.0609929	1523033.8099291	33428.94751773	229080.20992908
1409924.7246377	1542926	33436	229194.84057971
1408858.6962963	1541890.7851852	33447.911111111	229207.58518519
1408693.6503497	1541759.7762238	33448.503496503	229240.27972028
1408529.9300699	1541632.9230769	33458.881118881	229271.1048951
1408310.965035	1541449.1468531	33464	229289.42657343
1407661.1506849	1540834.4657534	33467.04109589	229313.17808219
1407343.4771242	1540552.3921569	33476	229343.32026144
1407256.1548387	1540500.4645161	33476.929032258	229366.96774194
1406068.7848101	1539377.3417722	33492	229416.65822785
1405792.4790419	1539133.8203593	33492.646706587	229444.93413174
1404790.9555556	1538179.8	33504	229479.8
1404847.1489362	1538256.5106383	33505.787234043	229507.44680851
1403820.5863874	1537296.9842932	33516	229546.9947644
1402913.0505051	1536432.1414141	33525.737373737	229579.25252525
1402520.7255814	1536090.1581395	33532	229617.39534884
1401614.5178571	1535233.5535714	33543.357142857	229653.76785714
1400767.220339	1534437.2542373	33549.491525424	229697.18644068
1400344.1428571	1534071.4126984	33556.571428571	229740.47619048
1399567.3553114	1533350.1978022	33564.234432234	229786.21245421
1399474.952381	1533313.3197279	33568	229834.16326531
1398738.0536913	1532636.0536913	33570.791946309	229888.34899329
1397685.9195046	1531647.3065015	33576.681114551	229942.93498452
1396045.5322034	1530071.5661017	33585.803389831	229999.94576271
1395996.3375	1530088.075	33596.8375	230049.4125
1394328.8434505	1528495.9105431	33611.833865815	230101.02236422
1394841.8309038	1529076.361516	33623.918367347	230150.60058309
1394317.9897436	1528626.5641026	33635.723076923	230215.00512821
1393013.574124	1527405.3045822	33647.622641509	230275.88140162
1392206.3135135	1526674.7027027	33660.767567568	230335.63243243
1392199.7438424	1526749.3990148	33678.266009852	230398.76847291
1392556.3712297	1527194.1531323	33692.575406032	230467.55452436
1392169.0226244	1526887.5656109	33708.760180995	230533.11312217
1391047.9482759	1525866.0344828	33721.672413793	230612.74137931
1390299.1340206	1525197.0391753	33726.919587629	230683.21649485
1390101.2254335	1525091.4219653	33738.905587669	230762.01926782
1389609.672447	1524703.6685934	33756.639691715	230845.35645472
1388634.3037037	1523830.3333333	33773.022222222	230923.77037037
1388989.0306306	1524291.5099099	33791.207207207	231009.41981982
1388190.0331126	1523600.1390728	33802.509933775	231101.27152318
1387672.2077922	1523187.6038961	33813.396103896	231190.84415584
1387383.1781701	1523013.0208668	33827.756019262	231285.29695024
1387663.4165414	1523406.7729323	33840.084210526	231384.62556391
1407522	1543384.7246377	33848	231491.30434783
1406827.8496241	1542710.7067669	33856.992481203	231501.29323308
1406843.8561151	1542764.9208633	33860	231532.57553957
1406490.993007	1542443.2727273	33868.111888112	231549.09090909
1405651.5524476	1541651.8321678	33876	231591.21678322
1405144.8918919	1541181	33876.081081081	231620.86486486
1404940.7837838	1541015.1891892	33888	231647.32432432
1404189.1464968	1540308.3312102	33888	231685.0955414
1403731.575	1539896.975	33899	231721.075
1402912.5549133	1539115.2369942	33904	231748.50867052
1402752.5111111	1538989.9777778	33913.777777778	231776.17777778
1402349.5351351	1538627.2864865	33916	231807.41621622
1401300.5026178	1537633.6753927	33926.994764398	231843.70680628
1400394.48	1536777.36	33929.56	231888.78
1399535.1658768	1535965.0995261	33940	231921.25118483
1399323.0990991	1535797.1351351	33942.558558559	231956.61261261
1398371.3833333	1534895.5833333	33945.95	232001.11666667
1397460.0150376	1534040.887218	33956	232046.67669173
1396119.2110727	1532760.8442907	33962.477508651	232099.05882353
1395662.9423729	1532369.8983051	33972.189830508	232144.94915254
1394987.5189003	1531759.024055	33982.020618557	232189.49828179
1395693.3667712	1532521.7178683	33992.752351097	232236.82758621
1393651.2989691	1530548.8659794	34004	232295.25773196
1393249.8170347	1530207.9873817	34011.533123028	232344.42902208
1392435.7452229	1529454.866242	34022.267515924	232389.24840764
1392634.9737609	1529727.9183673	34037.376093294	232443.82507289
1391683.3795014	1528841.5844875	34046.182825485	232501.06371191
1390233.7740113	1527470.0564972	34057.898305085	232561.95480226
1389541.3125	1526857.9895833	34070.3125	232626.54166667
1389772.3316583	1527152.3517588	34072.683417085	232689.6281407
1389516.8285714	1526980.4571429	34084.933333333	232751.22857143
1389703.8933333	1527254.8711111	34091.466666667	232828.16888889
1388687.8678414	1526320.2643172	34098.669603524	232900.55506608
1388755.413442	1526469.3279022	34104.570264766	232974.43584521
1387798.4657534	1525599.1624266	34112.430528376	233050.57534247
1387473.292543	1525369.1854685	34121.03250478	233132.32122371
1386730.7743119	1524726.7082569	34131.655045872	233216.68990826
1384509.2495756	1522610.5602716	34144.835314092	235611.13752122
1383868.306087	1522075.5756522	34151.206956522	235700.16
1383400.5107794	1521714.0431177	34164.086235489	235790.93200663
1383150.977918	1521580.9842271	34182.940063091	235884.62460568
1383206.6105263	1521759.3082707	34204.992481203	235980.87819549
1402619.4160584	1541285.3430657	34214.773722628	236080.52554745
1401858.0145985	1540559.8832117	34224	236107.59124088
1402114.4525547	1540841.9854015	34224	236131.41605839
1400930.9859155	1539711.6619718	34233.605633803	236169.01408451
1401112.6433566	1539924.4475524	34240	236187.44055944
1400367.2108844	1539223.9727891	34246.12244898	236223.02040816
1400282.56	1539180.4266667	34252	236251.57333333
1399538.490566	1538471.672956	34255.169811321	236279.59748428
1399542.875	1538524.375	34264	236311.7
1398107.2335329	1537131.2814371	34269.94011976	236354.68263473
1397938.3815029	1536992.8786127	34276	236380.94797688
1397550.1899441	1536643.9329609	34279.754189944	236404.29050279
1396759.8743455	1535905.486911	34288	236445.02617801
1395686.9803922	1534878.1176471	34292.784313725	236478.82352941
1395213.3396226	1534444	34296.339622642	236516.54716981
1394847.8196721	1534130.7213115	34300	236559.85245902
1394012.7424242	1533347.3939394	34300.954545455	236609.98484848
1393159.1782946	1532539.6744186	34304	236651.65891473
1392430.556391	1531864.6315789	34310.917293233	236691.0075188
1392087.6571429	1531570.6142857	34312	236741.4
1391383	1530926.8378378	34317.581081081	236788.75675676
1390742.9806452	1530339.2	34320	236836.28387097
1389015.3103448	1528676.5241379	34320.468965517	236892.75862069
1388581.2779553	1528291.2204473	34324	236940.16613419
1388111.6708861	1527882.7974684	34324	236994.65822785
1387906.2756598	1527737.3489736	34335.554252199	237041.73607038
1386527.0282486	1526433.1864407	34343.389830508	237108.83615819
1385405.8028169	1525387.1887324	34355.425352113	237167.51549296
1385481.7902813	1525536.3273657	34356.112531969	237230.7314578
1385356.7839196	1525483.7688442	34362.110552764	237294.42211055
1385119.2230216	1525327.7218225	34376.239808153	237362.40767386
1384832.6924829	1525130.7881549	34394.77904328	237423.43507973
1383886.3487859	1524279.187638	34409.801324503	237500.93598234
1383947.7255717	1524426.3950104	34421.297297297	237574.4033264
1383490.311284	1524059.0116732	34429.190661479	237653.79766537
1382721.0888889	1523391.1555556	34446.948148148	237733.17777778
1382158.8121646	1522940.2719141	34458.440071556	237820.98747764
1381858.6958106	1522740.3788707	34465.326047359	237909.34790528
1381437.5513043	1522418.6643478	34478.573913043	237995.87478261
1380189.8968386	1521281.3244592	34495.534109817	238083.73377704
1380774.8498403	1521985.2268371	34513.57827476	238176.99680511
1380506.911315	1521839.1865443	34538.532110092	238270.22018349
1400189.8345865	1541637.1729323	34549.593984962	238376.30075188
1400014.8857143	1541486.8571429	34556	238392.34285714
1399360.8296296	1540861.2740741	34556	238418.48888889
1398987.971831	1540525.2112676	34568	238439.07042254
1398851.8321678	1540434.6013986	34568.447552448	238478.54545455
1398701.6598639	1540309.1156463	34574.530612245	238495.75510204
1397587.8169935	1539245.3333333	34576	238545.09803922
1397094.278481	1538786.6835443	34581.620253165	238564.88607595
1396420.525	1538149.3	34588	238594.55
1396159.2	1537931.8545455	34592.412121212	238635.73333333
1395658.556213	1537467.1952663	34604	238658.08284024
1394962.7826087	1536815.6521739	34607.52173913	238692.91304348
1394759.2568306	1536661.2677596	34612	238733.74863388
1393438.0295567	1535379.8817734	34614.600985222	238763.09359606
1392761.7924528	1534742.6037736	34616	238804.30188679
1391873.1260504	1533910.2184874	34620	238839.96638655
1391592.1712062	1533675.2373541	34620	238890.55252918
1391176.0447761	1533305.3880597	34620	238929.02985075
1390300.1470588	1532487.25	34627.705882353	238972.23529412
1389802.4055944	1532042.4615385	34628	239026.5034965
1389103.1457627	1531402.4135593	34634.888135593	239074.21016949
1388614.8498403	1530981.7635783	34647.987220447	239124.76677316
1386743.0748299	1529166	34653.605442177	239174.46258503
1386633.9811912	1529118.7084639	34657.26645768	239229.90595611
1385311.2154341	1527862.1350482	34662.508038585	239287.98713826
1385507.4336283	1528125.2979351	34673.651917404	239339.72861357
1384850.8446866	1527538.7247956	34686.550408719	239396.13079019
1383475.6056338	1526240.1577465	34697.892957746	239454.38873239
1382809.3908356	1525646.1239892	34706.630727763	239513.14285714
1383868.6213592	1526773.0776699	34715.689320388	239573.5631068
1382271.902439	1525260.0195122	34725.404878049	239640.97560976
1381993.0892449	1525073.9038902	34739.542334096	239716.00915332
1382023.167382	1525185.5879828	34748	239784.65236052
1381877.1495146	1525119.5339806	34752.287378641	239856.67572816
1381285.7198444	1524616.0622568	34757.042801556	239938.70817121
1379901.3538462	1523331.6538462	34765.953846154	240021.96153846
1379836.1198502	1523367.3707865	34779.423220974	240102.19475655
1379610.3150183	1523252.8571429	34796.476190476	240189.52380952
1379115.445614	1522859.7754386	34805.298245614	240272.6245614
1378258.8459016	1522094.4655738	34808.839344262	240363.36393443
1378729.9717425	1522667.522763	34814.518053375	240459.0266876
1378516.8562691	1522563.4740061	34820.813455657	240553.93883792
1397254.2777778	1541428.25	34832	240660.77777778
1397297.4246575	1541478.3287671	34832	240675.28767123
1397182.0939597	1541384.4832215	34839.812080537	240685.39597315
1396416.2875817	1540696.2352941	34844	240755.4248366
1397149.5733333	1541444.72	34844.16	240766.32
1396066.9315068	1540420.0547945	34860	240805.91780822
1395453.44	1539838.5866667	34860	240834.05333333
1395231.2405063	1539652.6835443	34866.329113924	240856.17721519
1394455.9506173	1538916.4197531	34868	240894.19753086
1393874.0238095	1538373.6190476	34870.80952381	240918.33333333
1393031.627907	1537563.7209302	34872.395348837	240954.55813953
1393135.4444444	1537697.2	34876	240974.06666667
1392241.9375	1536855.5208333	34876	241018.4375
1391141.4257426	1535812.3564356	34887.148514851	241063.5049505
1390796.6210046	1535504.9315068	34890.337899543	241099.96347032
1389581.6355556	1534335.3244444	34896	241134.96888889
1389442.9917355	1534249.8181818	34906.198347107	241173.78512397
1388852.8992248	1533709.1162791	34911.100775194	241217.73643411
1387998.9852941	1532907.7794118	34916.705882353	241262.58823529
1387505.9359431	1532479.3024911	34927.544483986	241310.30604982
1387111.2081911	1532160.6825939	34937.392491468	241364.60068259
1385848.3115265	1530977.6448598	34952.037383178	241420.03738318
1385464.5731343	1530644.4895522	34956	241466.3880597
1384085.6329114	1529340.7974684	34967.392405063	241526.81012658
1382798.3717949	1528121.4871795	34978.192307692	241578.52564103
1383394.9101449	1528784.2782609	34989.391304348	241630.28405797
1382572.6498599	1528025.2436975	34998.565826331	241681.06442577
1381252.2159091	1526777.9545455	35007.454545455	241743.92045455
1380412.7351351	1526015.6108108	35015.2	241809.45945946
1381253.1815981	1526921.8886199	35020.552058111	241865.36561743
1379296.1129412	1525045.0258824	35027.84	241937.38352941
1380383.5622318	1526217.2961373	35040.815450644	242004.71244635
1379882.2044444	1525811.0488889	35059.733333333	242078.57777778
1379481.2457627	1525500.9745763	35069.347457627	242159.04237288
1378692.3393939	1524802.0121212	35082.254545455	242232.78383838
1378191.0828516	1524394.2042389	35099.668593449	242307.93063584
1377447.0763501	1523752.0446927	35114.368715084	242391.32216015
1376935.4081996	1523349.7254902	35137.411764706	242474.39572193
1376770.3017544	1523293.1087719	35150.196491228	242562.63157895
1376351.5869191	1522978.9604131	35156.13080895	242660.35111876
1375748.7184466	1522480.0841424	35165.961165049	242743.46278317
1375830.9121813	1522687.8753541	35186.855524079	242847.34844193
1392480.6176471	1539450.5294118	35194.588235294	242947.64705882
1391804.2666667	1538809.2444444	35208	242967.67407407
1392086.4233577	1539119.7956204	35208	242993.08029197
1391674.070922	1538753.7304965	35217.872340426	243026.04255319
1390990.8493151	1538108.9863014	35220	243061.83561644
1391099.5310345	1538244.137931	35225.544827586	243081.35172414
1390023.0789474	1537211.8947368	35236	243110.57894737
1389723.775	1536942.125	35238.15	243138.375
1388801.8064516	1536062.4258065	35244	243171.04516129
1388570.9285714	1535869.4285714	35244	243200.80952381
1387615.4761905	1534938.8333333	35244	243224.80952381
1387279.4623656	1534653.7634409	35251.419354839	243268.77419355
1386340.9032258	1533768.344086	35260	243305.31182796
1385946.5615764	1533406.1083744	35265.97044335	243332.72906404
1385278.0373832	1532793.1962617	35272	243377.08411215
1384490.2443439	1532053.7556561	35282.787330317	243412.07239819
1383922.6945607	1531547.2803347	35289.456066946	243458.51046025
1382507.827451	1530187.8431373	35300.611764706	243499.09019608
1382243.3068592	1529981.0397112	35312	243543.24909747
1381792.7773852	1529596.2826855	35321.243816254	243589.80918728
1381282.6438356	1529139.0684932	35330.698630137	243638.24657534
1380735.284345	1528650.4025559	35341.405750799	243684.84345048
1380075.5185185	1528069.3333333	35355.160493827	243746
1378850.2222222	1526903.4920635	35361.358730159	243799.23809524
1377190.6493506	1525311.3246753	35365.012987013	243851.38961039
1377679.3522727	1525857.5	35368	243904.39772727
1377289.505618	1525533.0786517	35369.382022472	243967.17977528
1375969.4972067	1524281.4078212	35377.698324022	244022.46927374
1375007.626943	1523397.2746114	35386.062176166	244088.33160622
1375767.1981567	1524237.9723502	35398.276497696	244150.42396313
1375644.4285714	1524201.0803571	35412.223214286	244220.44642857
1374565.0697674	1523210.0372093	35428.353488372	244289.58139535
1374471.5011136	1523208.7305122	35440.971046771	244364.05345212
1373535.3305439	1522371.8828452	35457.539748954	244436.79497908
1373165.4043393	1522092.0552268	35470.106508876	244514.01972387
1372411.8823529	1521440.9098039	35483.388235294	244594.58823529
1371948.411215	1521076.6878505	35502.205607477	244675.92523364
1371617.2903226	1520849.4695341	35517.168458781	244763.01792115
1371453.0934256	1520804.1314879	35538.290657439	244854.62283737
1371325.7275748	1520789.1893688	35558.411960133	244940.91694352
1370617.9869707	1520184.1042345	35571.765472313	245035.8762215
1370323.972106	1520007.7545328	35585.885634589	245131.58158996
1390193.2444444	1540006.8740741	35596	245246.04444444
1389443.0364964	1539292.0875912	35603.240875912	245264.20437956
1388994.4661654	1538877.0827068	35612	245282.85714286
1388723.7482517	1538639.8321678	35612	245312.5034965
1388370.0425532	1538320.3404255	35623.063829787	245339.03546099
1387371.0204082	1537359.5646259	35624	245374.72108844
1388163.6438356	1538181.2876712	35624.438356164	245409.09589041
1387245.0909091	1537292.025974	35628	245420.41558442
1386451.1851852	1536537.2839506	35628	245460.74074074
1386415.6959064	1536534.1988304	35628	245488.84210526
1385130.56	1535300.1371429	35633.622857143	245531.52
1384767.5307263	1534971.8435754	35640	245559.2849162
1384254.1436464	1534508.9502762	35651.425414365	245589.08287293
1383190.9494949	1533484.6868687	35656	245621.57575758
1382563.6923077	1532913.5576923	35666.942307692	245659.30769231
1381796.6462882	1532182.7074236	35670.096069869	245698.56768559
1381289.6	1531723.5591837	35676	245735.54285714
1380663.5502008	1531152.9477912	35683.341365462	245782.0562249
1380108.0746269	1530656.761194	35688.268656716	245830.7761194
1379710.4428571	1530310.1285714	35693.257142857	245874.58571429
1379001.5757576	1529655.9191919	35697.427609428	245923.39393939
1378516.2885246	1529242.1770492	35704.22295082	245977.56065574
1378021.7859327	1528811.351682	35708.415902141	246035.57186544
1377399.2	1528254.2705882	35716.6	246086.69411765
1374301.195122	1525233.2195122	35728	246150.48780488
1376984.0582524	1527981.5242718	35739.737864078	246199.25242718
1374786.3732591	1525871.9777159	35752.011142061	246271.1643454
1373147.5389049	1524304.1613833	35761.014409222	246329.63688761
1372506.1375661	1523736.1375661	35772.931216931	246384.2962963
1373415.919598	1524708.3417085	35777.457286432	246444.55276382
1372721.7211538	1524096.2596154	35782.192307692	246515.71153846
1372638.2707424	1524097.9650655	35792.986899563	246587.51965066
1370892.1252796	1522441.5123043	35808.93064877	246657.95973154
1371221.5346939	1522861.9346939	35818.065306122	246732.97142857
1370348.448	1522078.576	35830.072	246810.048
1370451.9530333	1522274.4187867	35839.459882583	246888.32876712
1369333.400722	1521258.0722022	35850.577617329	246975.15523466
1368738.46	1520761.5533333	35859.24	247057.02666667
1369178.7325383	1521305.5672913	35865.948892675	247151.56388416
1368578.7742998	1520818.9588138	35881.113673806	247244.58649094
1368196.224359	1520541.7948718	35890.173076923	247336.55769231
1367793.0538922	1520267.3652695	35909.461077844	247438.38922156
1387571.1703704	1540159.0814815	35920.088888889	247547.76296296
1387714.8656716	1540309.8507463	35924	247548.68656716
1386964.8057554	1539607.5971223	35930.676258993	247590.33093525
1386619.2408759	1539306.5109489	35940	247610.54014599
1386228.2517483	1538942.3496503	35940	247639.97202797
1386046.6315789	1538803.8421053	35950	247668.63157895
1385176.0519481	1537962.4935065	35952	247697.87012987
1384394.925	1537231.925	35963.025	247727.4
1384063.5279503	1536939.5279503	35968	247758.40993789
1384242.0930233	1537149.0930233	35971.302325581	247786.81395349
1383025.8863636	1535979.8863636	35976	247823.31818182
1382879.2849162	1535878.547486	35979.664804469	247862.8603352
1382190.4126984	1535232.8888889	35984.338624339	247898.05291005
1381046.2156863	1534135.0980392	35993.333333333	247931.56862745
1380293.0236967	1533420.4739336	35996.151658768	247963.09004739
1379814.0960699	1532996.8209607	36004	248005.44978166
1378927.3719008	1532154.1487603	36006.314049587	248050.46280992
1378380.4743083	1531655.2411067	36008.632411067	248091.58893281
1377288.3111111	1530608.9777778	36016	248131.6
1377076.8	1530474.8	36027.228571429	248187.98571429
1376674.790378	1530138.3780069	36033.567010309	248244.78350515
1375818.8588589	1529339.0870871	36042.798798799	248285.40540541
1375426.1891117	1529010.8080229	36051.851002865	248337.23782235
1374810.1176471	1528476.2470588	36068.164705882	248399.91764706
1372206.7564103	1525940.7179487	36079.641025641	248453.80769231
1373991.4166667	1527791.0416667	36092.25	248503.70833333
1372721.3555556	1526600.7888889	36103.533333333	248567.78888889
1370735.8760563	1524691.0647887	36109.971830986	248629.3971831
1370383.5924933	1524405.6836461	36118.530831099	248688.09651475
1371215.3631841	1525316.3283582	36135.870646766	248745.2238806
1370473.6744186	1524664.6046512	36150.446511628	248819.73023256
1370141.264574	1524421.5784753	36156	248893.7309417
1370132.742268	1524496.6845361	36162.95257732	248965.6742268
1368560.1081081	1523019.8586279	36180.074844075	249040.57380457
1368439.7777778	1522996.7983539	36193.901234568	249116.81481481
1367201.8974359	1521853.5091575	36206.3003663	249194.35897436
1367149.2707581	1521904.5703971	36220.700361011	249280.06498195
1366323.627907	1521184.6225403	36238.690518784	249367.12701252
1366257.9064125	1521224.9705373	36254.883882149	249453.2339688
1366273.2085386	1521358.9359606	36277.668308703	249542.27914614
1365836.8881686	1521030.9562399	36291.766612642	249638.10696921
1365229.8080495	1520549.5108359	36307.547987616	249736.50773994
