1529.144943	26,425	272	30	1.707035816	
1787.977940	26,442	288	28	1.991088124	0.0333321557726965
1785.569708	26,443	254	23	1.966056781	0.0138820663899667
1780.373637	26,488	291	36	2.007563488	0.0196269896159202
1760.210450	26,470	271	27	1.971820565	0.0490450490925306
1784.491063	26,353	311	35	2.016619645	0.444503206562384
1777.849603	26,350	261	18	1.971672857	0.150542817468218
1781.044899	26,334	272	20	1.976611009	0.140408932015827
1808.004057	26,322	250	24	2.014127530	0.131148940273869
1762.263341	26,356	275	21	1.968043545	0.124916307892932
1792.840066	26,365	259	11	1.971113249	0.126006307353005
1786.420188	26,357	245	18	1.955472074	0.1121779623207
1799.495737	26,364	273	24	1.979369531	0.108594081441524
1799.767303	26,367	273	22	1.990970254	0.104385090640067
1834.496639	26,370	270	22	2.003957271	0.101023673859929
1833.407767	26,349	295	25	2.017022790	0.0983315805973692
1823.041660	26,356	257	24	1.996272826	0.0953158597566105
1812.094019	26,306	275	23	1.988136646	0.0928354134567074
1822.440745	26,313	280	22	1.988072512	0.0894364286736202
1819.926203	26,325	268	20	1.981017223	0.0890798457804361
1829.768838	26,324	289	22	1.996440743	0.0870056063340374
1809.984311	26,325	275	28	1.979946224	0.0843202634657092
1819.045836	26,324	282	23	1.968502097	0.0905220429175032
1812.975438	26,324	235	18	1.961578192	0.0898647922249026
1806.715832	26,333	268	22	1.973215819	0.0874370153783656
1827.194644	26,324	283	18	1.989236971	0.0873027486539797
1830.429964	26,324	252	21	1.992986468	0.0835484004118526
1808.723144	26,317	292	25	1.973616570	0.0821859810821061
1795.004004	26,331	241	13	1.954579297	0.0840192786734574
1807.702203	26,324	277	27	1.971238893	0.0836916350171764
1780.521981	26,338	272	19	1.959374986	0.0875991703135839
1734.596183	26,338	273	26	1.972338996	0.0770485760993132
1810.218778	26,318	288	24	1.968785270	0.0844702279924527
1830.310713	26,311	274	22	1.991276545	0.0758903757902065
1717.770161	26,321	268	18	1.976565684	0.0750308877292224
1820.104517	26,334	286	24	1.991382557	0.0738827561555266
1811.807698	26,333	275	30	1.979876273	0.0802195554561282
1810.565258	26,335	286	24	1.972769892	0.0800582855095611
1790.208129	26,331	277	29	1.953565048	0.0789921145517103
1794.427906	26,340	258	23	1.952069775	0.0790470416401955
1807.662061	26,345	251	17	1.980881290	0.0787879851304193
1816.647426	26,343	266	25	1.980265333	0.0860636846440904
1809.371908	26,441	241	13	1.943681097	0.113444058270375
1823.673332	26,431	279	27	2.037621773	0.00252673945378597
1674.985442	26,436	253	20	1.950783601	0.0214644802777958
1824.934825	26,414	285	19	1.977133731	0.0129689296598014
1834.245583	26,411	266	19	2.006310069	0.0480052978352326
1803.047888	26,368	281	24	1.955203619	0.017574658799987
1774.898576	26,351	276	21	1.959820283	0.035942165847713
1761.521065	26,349	273	19	1.957875551	0.0300993629158548
1825.041793	26,340	302	27	2.007213041	0.0447345322754759
1801.404376	26,329	268	23	1.974062672	0.104219519046264
1781.498660	26,340	268	20	1.935663280	0.0899263307481077
1797.304236	26,319	261	23	1.961298620	0.0988001505661378
1801.648924	26,335	234	19	1.953461943	0.0888951264548156
1791.046105	26,340	280	29	1.975221528	0.0838753282605133
1807.362276	26,325	263	18	1.984745928	0.151372277580141
1808.186570	26,327	262	17	1.954396427	0.119886135818298
1795.409682	26,326	281	30	1.966206915	0.0928326896729348
1807.082519	26,320	274	19	1.953933645	0.0945671710703509
1780.555721	26,315	268	22	1.974496904	0.0916609946765456
1814.643203	26,326	270	22	1.984015753	0.181185935263861
1781.445201	26,327	279	26	1.984047320	0.140101480104361
1749.395718	26,336	282	31	2.018904897	0.113401795476858
1694.966824	26,321	278	27	1.997033462	0.098363145009667
1804.000535	26,320	272	22	1.960780412	0.110326073143412
1684.072933	26,322	274	21	1.952769557	0.216924025158437
1794.958052	26,332	260	25	1.963263032	0.231778571440381
1778.115040	26,320	246	19	1.961054874	0.103363419318312
1804.613360	26,320	255	21	1.975462800	0.145176283368976
1788.927006	26,324	270	21	1.970063879	0.105386787407457
1771.502685	26,332	238	22	1.934079079	0.169781103081378
1700.386648	26,336	269	19	1.988909524	0.113944719473016
1703.341504	26,341	268	27	1.982321893	0.213859675088674
1789.542081	26,326	278	24	1.957790374	0.223306686872528
1793.188835	26,321	263	19	1.951448297	0.108518009586744
1791.243418	26,329	261	23	1.958135435	0.237979277410905
1906.886348	26,329	309	32	2.146181687	0.496182826259098
1867.458290	26,343	311	33	2.175483407	0.313941007334695
1877.577525	26,342	302	30	2.080874992	0.283548119713007
1921.146239	26,330	330	44	2.144648898	0.126369025545895
1946.282005	26,337	297	30	2.159672350	0.299137747937339
1814.300053	26,336	285	28	1.981580520	0.111601538178894
1807.754276	26,334	295	30	1.990595405	0.109871830026962
1794.699218	26,436	246	19	1.942990245	0.345197332303902
1710.382959	26,433	251	19	1.955290209	0.00220155434199659
1790.087537	26,431	238	19	1.945480049	0.00319831868305311
1692.475515	26,420	267	20	1.942581985	0.0177477452417819
1692.176738	26,418	247	24	1.945996117	0.0113085246964362
1779.714503	26,360	253	20	1.933900857	0.0341738916543041
1741.776803	26,348	250	20	1.937463867	0.0116587631621514
1780.676433	26,347	247	20	1.945804233	0.0159803520039681
1774.537467	26,329	243	18	1.919974693	0.0170179412350993
1793.454938	26,326	267	26	1.985686428	0.0173067932549099
1779.342739	26,332	257	23	1.914414832	0.0176136299393386
1772.076146	26,328	250	23	1.921500766	0.0978694741451731
1805.238149	26,332	268	23	1.982776098	0.126594183313149
1786.206314	26,338	239	19	1.936328126	0.121091980303962
1792.413062	26,324	279	26	1.966665837	0.145792401585667
1810.509579	26,327	272	20	1.973394576	0.119513146763331
1805.560790	26,330	281	21	1.976124908	0.124595395078186
1715.758404	26,321	269	23	1.957213904	0.13334767332486
1793.937187	26,330	269	31	1.999145180	0.133270782244808
1680.518250	26,320	266	24	1.969719400	0.120226846030814
1714.483953	26,290	277	27	1.997658925	0.111053612859804
1809.696649	26,315	287	29	1.997960731	0.110362192993964
1790.651908	26,302	278	28	1.991812571	0.115993373822438
1679.037045	26,324	282	21	1.983243442	0.163616448102765
1730.889304	26,316	270	22	2.004352334	0.161597568964297
1702.935234	26,314	278	24	1.952595817	0.159904816406748
1796.292170	26,322	259	18	1.974357717	0.168690950561371
1725.602387	26,328	286	26	2.005320309	0.15827924697703
1888.899846	26,321	313	27	2.076881756	0.142159184760884
1910.653851	26,317	298	34	2.131007915	0.157375391661265
1880.926953	26,331	290	31	2.081876937	0.127055066103202
1778.037453	26,331	271	29	1.946553755	0.107067618827406
1676.196479	26,319	257	21	1.929089523	0.148806882991714
1779.569489	26,309	244	19	1.941349756	0.151531797460016
1693.670659	26,313	249	18	1.935446319	0.0999066791539282
1750.024775	26,319	266	20	1.961318026	0.119571409256611
1689.554726	26,324	275	28	1.968928180	0.157381783593019
1791.704951	26,326	233	15	1.937921978	0.127527625135143
1773.800383	26,327	242	17	1.934894958	0.105405236321071
1786.200318	26,328	283	25	1.949247033	0.120306736713418
1768.395818	26,335	254	23	1.930886891	0.160786799411482
1793.079303	26,334	245	18	1.938957891	0.206621334806564
1809.736551	26,424	281	28	1.966218930	0.145994655469562
1797.741289	26,418	267	18	1.955931659	0.00337650241759209
1788.471800	26,425	277	23	1.945932671	0.00605428374127705
1772.200199	26,417	249	17	1.934386359	0.00694029584525172
1797.410840	26,401	252	18	1.963560768	0.00981150531494692
1794.298502	26,347	269	25	1.954069972	0.0304962020670052
1814.649122	26,338	288	30	2.015839539	0.0150123454598236
1711.547019	26,344	309	24	1.993178450	0.0244374549235842
1830.112903	26,328	285	30	2.013008930	0.0557729373596569
1822.477931	26,321	290	27	1.999237837	0.0652002717512734
1808.759339	26,325	319	29	2.008688902	0.109357269090149
1825.989110	26,310	263	28	2.004614126	0.0856858808533298
1793.668278	26,325	292	26	1.973465490	0.0843513361583556
1807.706165	26,335	254	18	1.954906906	0.119815159819528
1790.286995	26,326	291	29	2.009968818	0.0679285939386914
1800.666133	26,314	277	26	2.011372714	0.40922332755497
1796.925307	26,313	275	23	1.971626810	0.151730390869164
1808.403627	26,306	288	35	2.009456974	0.173749372799736
1837.664737	26,314	286	31	2.017648649	0.296626559727147
1794.283373	26,346	278	26	1.965505747	0.144097733648669
1802.312213	26,345	258	21	1.953175736	0.310062427260852
1822.306804	26,346	291	29	2.034491895	0.181277999658722
1828.951447	26,338	284	29	2.010215454	0.175137817489848
1815.552097	26,339	279	23	1.990983382	0.266964198222746
1800.350097	26,347	267	22	1.960231550	0.171826558341374
1786.889863	26,348	265	21	1.947400660	0.1879003965385
1790.421966	26,343	257	23	1.965459754	0.125628587224782
1808.033233	26,348	273	25	1.987823738	0.313107578465093
1795.409936	26,345	253	18	1.971767762	0.142039895079674
1798.125726	26,345	304	28	1.966300378	0.363926214170798
1824.750254	26,354	281	24	1.996145636	0.187769743482876
1844.093529	26,348	276	34	2.039220426	0.37961650524879
1856.533857	26,344	307	31	2.072405943	0.246425820036821
1822.743357	26,340	278	23	1.992238048	0.233947960169574
1856.435361	26,347	303	31	2.046562368	0.485596390960457
1841.787099	26,358	307	40	2.043706389	0.330387970549126
1803.128686	26,342	269	27	1.993293714	0.168062506224322
1817.159450	26,352	289	36	2.007906589	0.425938687297796
1821.238484	26,353	257	20	1.970567235	0.278457599257917
1813.284586	26,354	276	26	1.985345607	0.182169180259292
1789.291298	26,354	258	19	1.944158436	0.134814870036727
1775.980577	26,357	264	21	1.958916919	0.182313556465192
1711.719858	26,450	285	26	1.972025047	0.209049686344927
1795.273149	26,454	277	25	1.953490387	0.00397271286743419
1829.814272	26,446	307	34	2.018678737	0.00892301742815211
1817.189020	26,448	269	21	1.981504230	0.0206767305506396
1841.212458	26,428	282	24	2.007174872	0.0364097087003062
1750.326334	26,384	273	27	2.005822389	0.0473048048694392
1829.264477	26,368	294	30	2.027846102	0.0103503279320528
1856.292625	26,371	302	32	2.040878929	0.0292277129542993
1836.643819	26,355	285	32	2.022373912	0.019111922609705
1827.603714	26,344	312	31	2.030006340	0.107719037570491
1814.731149	26,346	274	26	1.991732949	0.018946065185568
1790.745258	26,345	241	14	1.948161043	0.0360496602458849
1801.729635	26,344	260	20	1.974934169	0.0446219924395049
1831.705488	26,350	296	32	2.015003000	0.133125131636474
1814.918685	26,346	270	24	1.986524785	0.135551061042602
1830.531593	26,345	275	20	1.987884914	0.17337923916951
1818.984016	26,348	277	28	1.990405208	0.0564693132377182
1792.542452	26,342	268	19	1.970152742	0.095147644979745
1787.589356	26,335	274	28	1.972375291	0.0777937187373186
1795.946840	26,346	243	18	1.968144418	0.0357334828202627
1808.587214	26,354	296	24	1.988456137	0.0877303227458449
1838.383907	26,349	298	29	2.020100863	0.0986784538279984
1843.588247	26,346	285	28	2.018438165	0.102995439861319
1816.463478	26,352	287	32	2.019437694	0.171469548373561
1831.548154	26,343	300	31	2.016981313	0.142182424109337
1805.034457	26,350	291	32	2.002727074	0.371170723643286
1833.033562	26,341	287	31	2.010610726	0.141620339019941
1727.212386	26,350	279	29	2.012833169	0.275985010074527
1804.030418	26,348	272	30	1.988358812	0.315851242246595
1829.489318	26,349	279	19	2.003321751	0.217558413665279
1806.022936	26,362	290	20	1.978612894	0.195543630508019
1790.410300	26,357	271	26	1.966348026	0.235242885934519
1807.469521	26,351	292	30	2.010653997	0.102472478187042
1690.232789	26,338	257	16	1.972304173	0.229404550992602
1807.229077	26,359	254	20	1.943037780	0.127128082656763
1826.426683	26,355	291	32	2.011151024	0.15107479425334
1785.868848	26,346	266	24	1.978412982	0.545191047171459
1799.285782	26,360	277	25	1.997865987	0.120379230836345
1831.215487	26,357	295	35	2.027261512	0.14221650944132
1824.111130	26,362	279	29	2.018730440	0.291908137252122
1820.109590	26,372	287	29	2.021435959	0.354699213328165
1790.509338	26,361	262	29	1.957244300	0.383435517429701
1685.042742	26,451	275	21	1.950658313	0.308193617329352
1796.605268	26,459	271	20	1.956759580	0.00305452191433792
1798.296774	26,456	250	23	1.978682519	0.00380554888078872
1698.444685	26,449	305	33	2.013614099	0.00738924129435062
1796.215753	26,442	269	26	1.972727059	0.0177307915370792
1828.584452	26,390	292	34	2.013615402	0.0178726648703747
1824.392980	26,381	276	29	1.989105573	0.0242503825923181
1828.583774	26,368	298	30	2.028367127	0.0132579122649308
1844.808060	26,367	298	27	2.039294902	0.0239870099784272
1845.162476	26,348	304	36	2.032314734	0.0279789909293924
1809.337091	26,359	279	18	1.992871593	0.0627527045025141
1842.460287	26,355	306	35	2.022472517	0.0308856542040153
1853.021272	26,353	300	29	2.021975943	0.0595624955809274
1829.420535	26,358	276	30	2.012246553	0.0615989056241617
1771.909673	26,351	282	35	2.028936182	0.0960341211119449
1840.897134	26,355	288	27	2.044837755	0.0881514642186385
1825.053389	26,356	283	23	1.987701364	0.0724681814833937
1726.131827	26,348	285	31	2.037324344	0.0528544866782628
1817.715471	26,349	297	31	2.022198404	0.077963894983598
1721.854658	26,360	285	24	2.005766046	0.0692038507396861
1833.445804	26,352	296	25	2.015034136	0.0593391455723703
1729.337708	26,358	307	30	2.004609391	0.0757372629886627
1858.448404	26,343	318	30	2.069197518	0.0815481383870938
1906.912485	26,348	320	39	2.117100708	0.472395940625333
1908.281341	26,360	288	36	2.117001644	0.0788009047059893
1895.900490	26,353	323	30	2.064323841	0.0656362361862055
1909.336533	26,355	310	36	2.132083287	0.0942206807664132
1850.492031	26,349	295	33	2.064058474	0.158166740230194
1836.762688	26,365	304	29	2.000664017	0.0767204894490736
1811.887446	26,357	286	31	2.023245160	0.0963584541500316
1820.415755	26,365	278	17	1.973865347	0.0817790880314543
1793.574804	26,362	265	30	1.992210177	0.17092614132153
1856.238765	26,356	315	38	2.058864677	0.114694972995514
1837.235732	26,345	289	31	2.019125974	0.18739737823695
1841.156693	26,356	273	27	2.052032134	0.429160423052651
1813.212356	26,361	278	21	1.982624990	0.202984627380315
1834.453765	26,362	302	32	2.020232011	0.13162887913218
1859.991803	26,370	321	38	2.069440446	0.128983325116787
1840.098387	26,362	284	31	2.027392196	0.141616638597982
1782.926715	26,365	287	26	1.979199534	0.167067376059712
1818.285589	26,364	285	22	1.986314311	0.228419440497964
1821.970890	26,354	275	27	2.002915219	0.245148853218598
1801.581066	26,465	299	32	2.030557538	0.132310178717463
1837.738069	26,456	285	24	2.004903280	0.00620570117532081
1829.590720	26,453	289	29	2.015511349	0.0070505733073217
1805.894469	26,444	270	25	1.974792523	0.0155598871623702
1820.930423	26,434	287	35	2.002675327	0.0117594460711051
1709.877859	26,392	297	33	2.010131730	0.0151311311801444
1814.504850	26,375	264	26	1.980755820	0.0368743544919705
1799.795795	26,374	293	32	2.007923834	0.0207232216658067
1728.190208	26,361	309	27	2.014176221	0.0322007363212719
1856.329569	26,347	287	31	2.044756206	0.0304687316888435
1746.806669	26,357	304	28	2.026128921	0.0435098373694291
1816.824889	26,339	271	32	2.003004442	0.0389391684588398
1888.588646	26,360	287	29	2.101489850	0.0582293144588052
1951.278311	26,357	281	22	2.160940014	0.0254151343927201
1970.153203	26,349	309	34	2.212913408	0.0472224612697337
1874.521773	26,350	318	29	2.069813386	0.0431342978708155
1788.867399	26,353	266	20	1.980042839	0.0587846941292013
1821.663483	26,339	261	25	1.981531222	0.0382653646860721
1788.067509	26,345	254	20	1.946680752	0.0856219095156093
1812.830445	26,352	289	25	1.994961712	0.0704854033143631
1820.688552	26,344	299	23	1.998176317	0.097467112233571
1726.794316	26,359	296	27	2.009121136	0.0696818883307942
1800.432046	26,348	301	31	1.986990197	0.134935662201873
1807.548547	26,347	279	27	1.972659447	0.139166209743128
1784.257293	26,352	252	20	1.948792502	0.0615088771031515
1798.613177	26,355	262	27	1.958527724	0.0588705215021131
1799.120238	26,357	274	24	1.971740636	0.111094751247095
1800.561455	26,352	284	27	2.018864417	0.0809153589483522
1819.473392	26,357	272	26	1.995600912	0.0905726201411694
1814.063886	26,349	303	32	2.005263654	0.0746715170522023
1781.138082	26,371	286	30	2.002655225	0.0916354169214442
1809.863334	26,367	276	27	1.973784115	0.069744834844364
1827.794118	26,357	305	20	1.976436072	0.0936404323642224
1820.351441	26,356	297	32	2.014523357	0.0548157440591267
1821.367068	26,357	300	30	2.003950574	0.163521318654789
1804.277909	26,364	277	27	2.006566580	0.13615838057165
1820.653322	26,363	301	32	2.014944146	0.205509128703685
1835.865242	26,371	268	33	2.021039299	0.0786559019687435
1818.949337	26,367	277	29	2.004677447	0.161416087301611
1721.166758	26,368	281	28	1.990249585	0.125552104096313
1831.348776	26,369	302	31	1.991511351	0.230932103284234
1805.961934	26,362	283	30	2.004630354	0.212115460870512
1842.623160	26,462	282	29	2.013435955	0.286793053265922
1852.946193	26,461	315	37	2.045181655	0.0050293131272057
1847.153852	26,458	267	29	2.068652790	0.00491955766673859
1829.305899	26,458	282	31	2.015667380	0.0113431544102962
1739.055058	26,446	287	30	2.029815827	0.0369758682330795
1729.959902	26,391	314	36	2.072034532	0.0871853257371837
1864.879556	26,375	311	32	2.062096734	0.0839406959798683
1844.437750	26,380	298	28	2.036162821	0.0371924342636229
1837.148139	26,369	316	33	2.038221455	0.0439946348029776
1833.309140	26,357	279	30	2.025157669	0.0880363829464384
1813.216030	26,357	281	33	2.025075578	0.0327129776226905
1816.325199	26,348	249	26	2.003953046	0.0417213056800346
1823.393349	26,361	272	28	1.981068075	0.159153540376787
1812.687828	26,363	290	31	2.003419878	0.0623839838250961
1832.558550	26,361	266	33	2.022836018	0.141200245883295
1825.632283	26,365	293	21	1.990755659	0.190409622579532
1802.181368	26,354	245	30	1.988072169	0.102845160120104
1806.154598	26,339	291	31	1.993051510	0.11573048367486
1822.369541	26,351	276	24	2.013301583	0.0933937484059858
1816.106816	26,353	280	28	1.991117974	0.2723461140421
1836.741963	26,358	277	30	2.012189891	0.0692896729395287
1812.701685	26,353	280	29	2.005812913	0.281306889238987
1805.581036	26,356	279	23	1.988536274	0.38886415768227
1791.066229	26,345	270	24	1.962746626	0.117890162208582
1791.087079	26,352	282	21	1.954665602	0.150921409669791
1802.226769	26,352	294	27	1.958596492	0.164332878686232
1716.060242	26,354	285	28	1.978340947	0.139722617664518
1805.397535	26,344	276	29	1.988441423	0.379120773728409
1799.781479	26,353	254	20	1.957547609	0.195650363058659
1777.204845	26,352	261	27	1.941794754	0.121382432707957
1671.967617	26,361	251	22	1.938300491	0.225790830675844
1800.088023	26,362	262	26	1.978694432	0.171403275670944
1708.573198	26,364	295	25	1.965131718	0.254856718205468
1818.315055	26,347	258	25	1.981127407	0.161212416513699
1823.027949	26,350	265	28	2.012976508	0.286355054997124
1839.131588	26,366	312	31	2.020365248	0.500552142542051
1804.225279	26,373	282	24	1.973201296	0.175005599942558
1798.700137	26,369	270	26	1.968828632	0.256702753490041
1682.525044	26,366	253	16	1.937668116	0.284485390570036
1798.993670	26,364	272	24	1.947405769	0.148470832363848
1806.726903	26,366	284	24	1.975523854	0.157468777537058
1805.903154	26,359	289	28	1.991126855	0.281768737822093
1810.233223	26,467	276	25	1.980706948	0.341053495025872
1787.226568	26,458	259	19	1.955530963	0.0166329204145753
1826.278097	26,465	282	34	2.002480329	0.0252919547686545
1808.462976	26,442	285	25	2.003197244	0.0479116256561542
1841.847845	26,437	285	31	2.037087204	0.0477325991357444
1814.215315	26,393	275	26	2.003713279	0.046166997865805
1796.870093	26,379	288	26	1.975035383	0.0526908894966479
1814.075585	26,374	291	30	2.002638702	0.0540360456744621
1829.984087	26,371	270	35	2.021855716	0.0461273587532298
1821.156691	26,343	271	19	1.997834131	0.111197032335147
1808.382995	26,353	289	27	1.985503950	0.101904763497037
1812.378954	26,344	281	25	1.991230942	0.0798962276444238
1807.529230	26,351	263	21	1.993986767	0.083181254514965
1811.041021	26,356	297	26	1.970311235	0.0944665192276479
1809.202050	26,356	293	36	1.997555871	0.0942890065596042
1810.039848	26,353	281	33	2.015396793	0.0863985297899394
1803.150025	26,348	287	27	1.971969987	0.110572670275764
1808.361145	26,340	298	27	2.012820436	0.0703876016653158
1799.449372	26,354	314	32	1.999241951	0.0831560145078588
1794.383335	26,354	283	29	1.986083273	0.0807564568736983
1793.294029	26,352	273	25	1.979562123	0.0858753850206653
1813.610929	26,352	280	25	1.978135774	0.164973959314968
1802.193017	26,347	280	28	1.978009928	0.125813374892419
1805.728651	26,353	291	25	1.967281569	0.0996038433918854
1815.641436	26,348	269	25	2.013879093	0.188518722024988
1817.935516	26,352	285	27	2.013762057	0.113009348950097
1807.647855	26,353	271	26	1.972372334	0.0869845688764884
1807.331966	26,351	279	28	1.994956672	0.130894435782724
1674.194644	26,355	272	24	1.955635267	0.158075771091294
1811.179053	26,351	278	22	1.993653169	0.19013089440787
1805.221990	26,363	282	23	1.994154476	0.113936260792698
1807.841818	26,357	265	22	1.951049562	0.10304317227367
1780.047266	26,347	286	34	1.988412486	0.108450437925415
1775.306845	26,340	271	26	1.971643635	0.114698448686922
1708.057714	26,356	282	25	1.994186732	0.128320871352728
1687.545124	26,335	280	29	1.985174218	0.135790251376389
1818.417035	26,337	276	28	1.999596999	0.132309995246741
1787.111776	26,336	285	32	1.981260502	0.114007849949401
1811.966591	26,324	287	29	2.004643146	0.178627097395122
1810.181851	26,337	300	29	1.986622903	0.193103508218349
1813.960065	26,333	287	29	1.978948099	0.117179450847106
1821.781964	26,333	311	24	1.991103819	0.172298081525624
1812.956116	26,438	294	32	1.997909499	0.155457632915613
1822.491747	26,431	273	23	1.989975586	0.00391730301061033
1702.389467	26,422	277	25	2.012162894	0.0114547956323808
1812.455902	26,419	302	25	1.996565565	0.0151896197122924
1826.353048	26,413	297	34	2.020503722	0.0285669942152946
1854.308707	26,356	302	31	2.055090008	0.0319219778848465
1825.685710	26,351	279	32	2.033808843	0.0995212061362554
1709.994473	26,361	287	33	2.016373433	0.0949585209611045
1864.259547	26,339	292	29	2.052217726	0.0872765409031276
1911.414016	26,328	299	30	2.105650659	0.0872683004448031
1951.019784	26,333	348	37	2.190066206	0.0811177561243491
1950.813995	26,326	321	33	2.158045908	0.0774293877963181
1838.813672	26,341	298	31	2.117764706	0.0745272547893722
1852.461059	26,339	295	27	2.012766537	0.0716576146940453
1823.603969	26,328	294	23	2.003679703	0.0694560889294283
1826.096138	26,326	270	27	2.014108213	0.0717631998605743
1803.163456	26,334	291	29	1.986498554	0.10752070985814
1823.469836	26,328	277	29	2.026311635	0.102382433782061
1807.158754	26,334	310	29	1.977360943	0.102916540640415
1800.122726	26,337	288	29	1.973454535	0.094876846179604
1820.958920	26,327	292	25	2.009066137	0.157753053663787
1819.687763	26,347	309	23	2.007678547	0.144316153711155
1805.243999	26,327	282	33	1.984949555	0.0978723555896156
1819.171858	26,332	316	42	2.008360742	0.105439814826769
1830.913434	26,335	285	26	2.012930105	0.101173880896166
1808.157231	26,336	286	26	2.009129523	0.1259001927352
1839.736934	26,331	292	26	2.042682852	0.148338179987897
1813.914562	26,336	271	22	1.986865304	0.11351648749085
1802.762465	26,343	292	30	1.996042487	0.11114643630429
1831.025097	26,343	296	38	2.043949141	0.127643403608309
1813.198139	26,354	265	24	1.983006172	0.0935885008245626
1670.646464	26,342	258	21	1.943293168	0.157699790684039
1681.770120	26,337	258	20	1.950065967	0.50630237607054
1689.998032	26,339	270	28	1.961140494	0.110195920333015
1705.424289	26,339	293	19	1.967676423	0.107954329560918
1794.455630	26,337	284	26	1.979935922	0.118212318476274
1819.838189	26,356	283	32	2.031469904	0.184745218118218
1695.723641	26,350	303	34	1.999048717	0.124599432728449
1839.607819	26,350	273	28	2.022322626	0.187772896308746
1898.366157	26,346	293	23	2.095247080	0.199738502222072
1964.746064	26,353	310	27	2.174959069	0.23218286254021
1932.598934	26,338	288	41	2.167407365	0.235506256591618
1821.295549	26,444	290	32	2.027140591	0.119456383633441
1820.529686	26,445	309	30	2.004347714	0.00533827619764989
1817.720438	26,438	320	37	2.008259480	0.00612299177174561
1811.051448	26,429	292	35	2.014724593	0.0222765253497662
1818.355865	26,428	286	31	2.006510072	0.0166025484128763
1802.578517	26,364	284	26	1.987392978	0.023507397856612
1825.114855	26,365	287	32	2.019425760	0.0181076004443146
1804.410091	26,353	281	35	1.977114021	0.0448349959359178
1788.824691	26,345	262	23	1.951834135	0.01860281022629
1693.192712	26,335	295	31	1.971439422	0.0333401290697197
1775.800894	26,331	271	23	1.942959647	0.0658987112668813
1760.608309	26,335	266	20	1.933143439	0.0809271807784645
1672.608382	26,341	263	14	1.934189703	0.021127836615858
1689.638968	26,341	297	32	1.980812281	0.0342024212560069
1809.312181	26,333	282	28	1.983155694	0.0793497075581302
1694.129671	26,326	286	22	1.995613372	0.104210508764709
1780.062524	26,326	271	27	1.975936375	0.151400887317399
1673.124754	26,310	274	31	1.986925785	0.112679018741303
1786.738176	26,315	273	26	1.984818575	0.0779765073600843
1819.358722	26,330	277	24	1.967753224	0.101822109422803
1784.564986	26,327	286	26	1.957482104	0.0897728008482295
1790.016198	26,328	289	33	1.979483629	0.100880501948435
1694.842403	26,327	283	31	1.991837130	0.164008349361018
1792.276881	26,322	293	28	1.976967633	0.214639596407762
1807.353484	26,329	283	31	1.983676664	0.211567335178545
1803.795763	26,324	283	22	1.961917515	0.160186659748476
1683.402013	26,332	275	25	1.969763913	0.0870827195561805
1680.829184	26,327	267	32	2.000883964	0.168684880203095
1689.067079	26,340	270	23	1.936337221	0.266781385751804
1789.757279	26,326	301	37	1.979744386	0.166153449142913
1834.803081	26,337	301	27	2.013420270	0.318592368328789
1777.288776	26,337	248	23	1.932046400	0.150633458410742
1769.129099	26,327	252	16	1.920551509	0.347768287273622
1784.780810	26,316	268	24	1.942379569	0.276666522923206
1684.684752	26,323	264	24	1.986886158	0.202410571287273
1790.776402	26,338	285	29	1.958013018	0.178511874060819
1823.186539	26,337	287	27	1.988704005	0.422137689133967
1837.455573	26,342	267	28	2.039987031	0.390489392051926
1843.152137	26,329	299	36	2.045043507	0.317378003323316
1808.276156	26,337	277	28	1.971360096	0.164076694652246
1726.280012	26,341	289	23	2.001350380	0.103903863009892
1827.002901	26,337	276	27	2.002288373	0.203722994729167
1824.104275	26,427	312	26	2.022364786	0.201164056790976
1821.991202	26,427	291	29	2.003272091	0.00360816129875142
1823.222122	26,430	291	25	1.994249341	0.057474435833453
1845.732425	26,420	300	31	2.059401058	0.0405946863554554
1837.202424	26,413	283	26	2.023665558	0.0218125346235664
1828.193487	26,358	293	35	2.021771105	0.0201690890285433
1821.673034	26,350	285	34	2.048912910	0.0430816095106747
1832.088478	26,341	285	32	2.009117394	0.0497569164184102
1823.106127	26,331	273	22	2.020633755	0.02427127121345
1815.539400	26,319	275	32	2.000814503	0.156807018087887
1850.703003	26,330	297	40	2.039806203	0.179549348814685
1720.252089	26,341	303	30	2.020028052	0.196740961189543
1857.130668	26,330	297	36	2.050528003	0.0494354662702069
1825.540091	26,335	274	32	2.027864847	0.0873690484435253
1842.223734	26,322	278	34	2.036012128	0.194826929227047
1865.662513	26,325	295	34	2.076796764	0.173874385012425
1830.377671	26,324	287	32	2.010943005	0.0319370417428236
1845.590560	26,309	305	32	2.041473763	0.239240218605792
1852.457302	26,310	280	29	2.039085293	0.332615095712992
1853.560686	26,326	267	25	2.048481285	0.397924652061904
1832.271373	26,320	284	29	2.030950014	0.390026109585912
1851.462369	26,334	317	37	2.056472031	0.411745000840045
1827.926147	26,314	282	32	2.033899411	0.0620752562005818
1700.198280	26,324	264	30	2.003913191	0.0928452668246018
1827.577679	26,322	290	33	2.017179987	0.101941906031606
1840.386942	26,327	285	28	2.020002733	0.392197629102669
1833.740735	26,317	286	30	2.031702182	0.258964843434151
1854.156373	26,329	305	37	2.074964081	0.510697378014203
1838.986920	26,323	288	22	2.045009457	0.114203971322236
1827.482315	26,334	291	31	2.047656059	0.108173994659494
1858.188310	26,339	306	28	2.058939038	0.426845859402889
1840.682094	26,333	309	33	2.025075784	0.362482475939876
1847.076664	26,331	294	37	2.058692459	0.624214414064438
1843.963967	26,314	296	33	2.039620965	0.145957311355095
1843.098168	26,332	308	39	2.017824648	0.666255888760845
1838.402827	26,330	291	31	2.017477512	0.127764182001735
1754.026103	26,325	287	33	2.054655605	0.116237242874653
1846.901615	26,327	288	26	2.061626199	0.733159743109112
1847.063730	26,331	309	26	2.044167843	0.301264574309814
1865.402713	26,342	286	29	2.084465652	0.332496482182208
1846.652483	26,341	318	31	2.031530647	0.224782466181954
1722.776888	26,325	280	35	2.059955382	0.121326306797607
1844.089281	26,435	304	34	2.018926631	0.988639287029074
1849.445020	26,433	272	23	2.011148450	0.00367003841948639
1836.241960	26,432	312	35	2.033517069	0.00392635525619724
1851.762675	26,419	301	29	2.061120188	0.00470602426981364
1849.919859	26,406	295	32	2.035830264	0.00452590941526751
1825.259233	26,361	279	31	2.020483449	0.0120751780880988
1862.491196	26,355	310	30	2.064221444	0.00793345328082245
1847.293683	26,351	291	36	2.049674356	0.00984028788854526
1856.830897	26,338	296	32	2.067454066	0.0210448981512393
1847.295646	26,315	289	31	2.030697715	0.0143782951788343
1823.403123	26,325	292	36	2.031294017	0.0260816893944037
1825.914761	26,331	291	31	1.985611435	0.0315944370876727
1832.932661	26,327	297	22	2.024500783	0.0197836918871965
1865.528589	26,331	316	36	2.051218384	0.0329451058459901
1820.256908	26,319	300	30	2.017389727	0.0195108221061225
1736.291592	26,319	282	27	2.022078574	0.0339241271215446
1829.961888	26,320	304	35	2.025661574	0.042436081393763
1853.877652	26,309	319	38	2.050617599	0.029112015064805
1820.517604	26,320	289	30	2.029154890	0.0509728733461915
1843.158821	26,328	283	29	2.020222723	0.0362227173465364
1819.597031	26,326	291	30	1.985595999	0.242816851248914
1858.206418	26,334	297	41	2.057420760	0.0798698866407653
1850.769029	26,320	299	26	2.036234019	0.0765763999053393
1813.124837	26,326	277	32	2.013735846	0.0769331290217078
1808.742641	26,324	286	27	2.000409846	0.110321786389171
1831.003289	26,327	288	29	2.018251863	0.0999377728390827
1737.215638	26,324	276	33	2.024599371	0.0887124731971293
1813.665765	26,324	284	32	2.005124540	0.0840567883668237
1863.821073	26,330	282	31	2.089776576	0.0721548832556599
1765.984148	26,324	310	30	2.034782994	0.0858780965636362
1842.178175	26,341	296	35	2.049709876	0.100241765823318
1843.304531	26,338	306	34	2.029711583	0.0763595163862877
1819.862392	26,323	292	29	1.987616727	0.102566410931764
1840.871317	26,313	276	35	2.061040501	0.0730389987689135
1725.880666	26,325	279	29	2.008651250	0.0764313979509509
1895.345471	26,335	277	29	2.087310956	0.0777530947640759
1947.347405	26,336	320	33	2.161028230	0.0749133440923727
1953.914885	26,336	323	36	2.185572322	0.142998341460689
1949.570256	26,334	299	27	2.159329717	0.0813485673512535
1832.331702	26,341	302	25	2.152879567	0.163403051564223
1894.601924	26,340	298	25	2.095623808	0.177580660895634
1824.255498	26,332	280	28	2.014245686	0.112062049401172
1830.072823	26,430	298	30	2.009309107	0.153340423193222
1811.814033	26,437	270	22	1.972220484	0.00468183025426179
1806.530855	26,434	279	32	2.009099859	0.0215317001471604
1811.787222	26,421	260	19	1.970959365	0.00693961140843962
1788.559430	26,417	274	25	1.983435650	0.0209949908525818
1807.193488	26,361	287	28	2.022789257	0.0456515414479217
1760.708152	26,359	304	32	2.044977701	0.0884288967078966
1864.454825	26,349	313	28	2.048840263	0.0677604878770505
1839.893556	26,343	285	29	2.025084533	0.0912962183537382
1743.707870	26,323	292	30	2.021077955	0.0699768200696524
1825.383807	26,329	258	34	2.038503950	0.0550858514790043
1795.138031	26,337	296	31	2.010756208	0.120726829397981
1825.820021	26,331	314	28	1.999354331	0.0973784655835243
1833.226419	26,343	295	35	2.029781917	0.0731287644714255
1807.480345	26,336	289	27	1.997783944	0.13757644789856
1707.868228	26,329	274	35	2.020431954	0.086785806123254
1852.641813	26,327	286	30	2.048579740	0.0670772791636908
1840.599395	26,315	283	28	2.029728089	0.0383378989227579
1829.540614	26,330	282	30	2.014883179	0.174077470331631
1816.375906	26,330	286	27	1.982505320	0.058898029441117
1724.124109	26,329	279	30	2.008598163	0.202612165270523
1836.681081	26,338	258	26	2.005252497	0.108184005348672
1882.487003	26,329	318	32	2.082978154	0.659656165781153
1846.161970	26,326	323	28	2.143728364	0.216135860898645
1900.813620	26,325	346	20	2.320023592	1.3307561849216
1792.156273	26,334	281	21	2.054567487	1.45189240482454
1837.194588	26,321	307	39	2.057586430	0.243159349926387
1818.747888	26,322	262	26	2.007697719	0.330960158147595
1848.244009	26,321	293	33	2.055425385	0.356292204539601
1844.442460	26,322	304	35	2.044014488	0.364688601055938
1864.592873	26,341	304	31	2.076380174	0.552841417515393
1768.173514	26,340	281	30	2.003421393	0.155468110604061
1842.816604	26,322	267	32	2.030221927	0.676394508736092
1838.972753	26,314	308	35	2.025335692	0.170754120471131
1822.539434	26,321	279	30	2.008526339	0.232070439626384
1810.304668	26,334	297	30	2.021194963	0.116097432665826
1834.006011	26,336	282	27	2.024728293	0.327774032681507
1823.964592	26,336	286	33	2.026299211	0.121006891831179
1854.563384	26,335	275	31	2.104805359	0.15299892642591
1834.528929	26,334	296	31	2.043670845	0.113974113285426
1812.521210	26,338	284	32	2.032389044	0.711958549079158
1837.288395	26,333	301	30	2.010922037	0.445304730645206
1844.620925	26,431	294	30	2.038076201	0.942221823165499
1838.628222	26,433	305	28	2.021336893	0.01009277056591
1858.049483	26,435	285	24	2.046266198	0.0090254232211805
1833.179479	26,420	280	25	2.016615452	0.0208575491649208
1839.694470	26,414	283	37	2.062731872	0.0154660410862348
1844.001954	26,366	286	26	2.037629867	0.0987162926931273
1788.572146	26,364	281	30	2.010544354	0.0296996690926854
1816.926424	26,350	304	30	2.014089586	0.054424060851165
1847.482527	26,339	283	30	2.024194707	0.0498494453313079
1847.437384	26,325	280	34	2.032492654	0.206594385229921
1855.729652	26,334	284	24	2.023873094	0.165106514675728
1849.757769	26,336	293	30	2.035029972	0.259655538847781
1833.408966	26,337	266	26	2.044917424	0.108539437496695
1842.640945	26,333	255	23	2.027938702	0.0779064387543765
1839.722256	26,326	318	34	2.061088368	0.129973789312771
1837.497872	26,328	304	24	2.019167068	0.0885420752072501
1829.387342	26,325	283	35	2.026950844	0.107260877075597
1842.534192	26,305	265	19	2.020498381	0.253656396295191
1843.760772	26,312	263	24	2.028582864	0.119094428157488
1798.826149	26,325	283	31	1.980320935	0.0989085640662928
1728.517421	26,323	293	33	1.997746664	0.182695182586787
1819.951402	26,322	278	26	2.004438277	0.256839426457466
1851.033523	26,316	259	32	2.045166345	0.65710969835455
1727.072283	26,323	292	29	2.024524075	0.202643955251849
1831.301395	26,322	298	26	2.038899497	0.312735158884014
1769.789878	26,318	272	27	2.057886636	0.159585768356289
1861.165771	26,328	285	18	2.068772826	1.10254811685505
1837.678739	26,315	281	31	2.043136597	0.408569334995663
1826.275415	26,319	291	32	2.017236074	0.342796977494699
1749.951764	26,312	294	24	2.084950296	0.222234574172415
1742.265779	26,334	274	23	2.061474776	0.418303400973772
1877.014294	26,333	310	30	2.051844968	0.995875518218873
1893.247866	26,328	283	31	2.113673968	1.66995960099515
1843.653185	26,309	272	24	2.040748348	0.225176028673408
1822.465046	26,316	324	25	2.000862811	1.60395889735597
1737.339730	26,337	295	25	2.015933895	1.74611669017711
1854.575797	26,329	289	29	2.022291216	0.645297500579742
1836.627529	26,331	281	36	2.063630378	0.54395758336437
1744.782616	26,327	309	28	2.001963005	0.550926418628738
1836.593584	26,335	291	24	2.017245839	0.176537901682494
1841.430599	26,332	274	33	2.018605540	0.611731267344209
1763.373237	26,330	323	35	2.059465883	0.814585721248061
1845.384295	26,421	281	26	2.025956474	2.20877899617403
1837.896992	26,431	287	30	2.024402632	0.00702629986615193
1829.782064	26,423	285	34	2.023974061	0.020516294225603
1836.033507	26,406	286	23	2.029462636	0.0155643923012248
1826.287211	26,405	286	33	2.040659659	0.0173741890881481
1865.917266	26,346	290	25	2.061296564	0.0129396245899776
1806.704353	26,346	306	24	2.009868471	0.0155812168349266
1816.975267	26,348	276	36	1.988413778	0.0313290805330078
1843.485286	26,335	277	27	2.027815859	0.0255542797325909
1836.405299	26,327	277	27	2.015107948	0.020772887653257
1803.867213	26,321	254	23	1.976109699	0.0551151414534826
1838.448802	26,330	301	33	2.032497123	0.0151611709710795
1849.669388	26,326	294	26	2.047995738	0.0457913175136172
1858.309718	26,329	307	28	2.064459016	0.0222909618067594
1851.920433	26,316	301	26	2.040020591	0.112465250574678
1857.176120	26,313	281	32	2.067876955	0.0246405187438071
1762.328661	26,316	268	26	2.057089648	0.0308905737684893
1858.316315	26,313	275	25	2.025017196	0.134548830506006
1730.206244	26,311	287	25	2.040355494	0.0444791774558854
1844.257046	26,321	299	32	2.064098310	0.0978333627763917
1837.964938	26,323	319	39	2.034136212	0.147404698117425
1838.156536	26,327	292	36	2.039049387	0.0676587599479915
1843.577577	26,315	273	32	2.065140835	0.0812757451339543
1841.462465	26,310	279	31	2.026743997	0.0434346216263438
1878.612299	26,323	283	32	2.077766123	0.0921077500506209
1841.032603	26,324	275	28	2.026825160	0.134818900207863
1872.953817	26,322	279	36	2.052962769	0.0403367713976188
1760.441129	26,341	324	34	2.044168602	0.0822894694710741
1840.575107	26,353	309	30	2.023728213	0.0504047108041128
1857.394797	26,352	271	32	2.078393890	0.0410897537205784
1859.591772	26,360	265	27	2.031545933	0.144038411452371
1854.057300	26,370	294	32	2.031153747	0.222667367099347
1841.348057	26,347	315	35	2.044417510	0.0718821506284001
1867.816769	26,339	297	34	2.067340950	0.403918023470011
1855.250489	26,343	264	31	2.047719738	0.087785578909746
1737.193041	26,359	273	30	2.066222387	0.394078669040119
1816.212631	26,351	276	30	2.008210675	0.166012916806066
1848.280779	26,354	314	31	2.027829296	0.206172320188488
1856.152955	26,365	284	26	2.031319875	0.143400187890549
1864.700929	26,358	306	31	2.074181090	0.205813150639605
1838.838936	26,354	306	29	2.031907747	0.116073017070682
1840.456559	26,361	313	30	2.025662240	0.215325070507785
1818.193778	26,454	299	33	2.020952383	0.321587424845768
1842.033914	26,451	291	25	2.039267807	0.0104018115584915
1857.183171	26,456	306	30	2.034319594	0.008858211686771
1844.735631	26,439	308	29	2.010825900	0.0194240932637086
1856.202007	26,429	299	32	2.035040650	0.014006901147166
1844.301906	26,381	336	39	2.044800789	0.0767140752968153
1821.998834	26,368	258	30	2.018080052	0.049284990983863
1841.037170	26,374	289	34	2.020712782	0.0521391599337041
1879.302198	26,363	312	25	2.062860815	0.140050984732085
1835.179673	26,348	302	30	2.026781276	0.162704404546824
1842.977969	26,350	296	25	2.016664073	0.164432487845554
1762.950223	26,359	296	29	2.097544006	0.157673050670556
1837.824320	26,358	308	28	2.027433586	0.138313907646796
1834.668731	26,361	285	27	2.027704285	0.149487937252692
1846.040570	26,346	274	34	2.059342060	0.125257143132985
1849.167596	26,345	265	19	2.025704511	0.125878092455256
1838.342119	26,351	276	27	2.015462372	0.125750036641448
1837.430002	26,343	296	37	2.061742529	0.125398048199731
1840.894323	26,346	303	28	2.027614626	0.152053779698358
1907.940320	26,347	296	25	2.118118390	0.132793352099852
1976.426368	26,348	294	19	2.190204431	0.256487829599042
1914.193747	26,348	275	26	2.114205126	0.130560314899533
1960.127487	26,346	289	23	2.143027630	0.209443237559739
1963.893282	26,346	303	26	2.172173463	0.16214372161739
1831.169499	26,349	307	34	2.008776947	0.156140511297166
1834.522147	26,354	293	25	1.985903315	0.444425844246564
1753.623609	26,340	301	28	2.051906591	0.171966250053117
1859.806448	26,346	290	25	2.070848320	0.161010203221767
1868.558522	26,343	296	27	2.059610551	0.144251032984192
1836.160293	26,356	292	18	2.019764583	0.174750632300072
1859.771326	26,370	288	23	2.070281624	0.22499494978911
1844.789201	26,374	311	27	2.033457322	0.120090921781032
1842.057916	26,350	307	20	2.000141583	0.21194217461975
1845.997730	26,339	281	27	2.037813496	0.123882319645425
1788.076701	26,357	278	28	1.978899561	0.180295815731353
1816.175858	26,364	297	26	1.991383573	0.217689473382944
1808.355610	26,357	270	28	1.982954877	0.134725774287623
1802.940371	26,363	282	31	1.979924970	0.22820076874133
1827.155687	26,359	259	23	2.000295143	0.140340413831302
1820.380067	26,358	283	24	1.995153537	0.170166614591033
1726.882282	26,366	279	25	2.012200682	0.110750270134452
1832.970126	26,356	254	22	2.000926556	0.219826224657354
1832.812836	26,461	284	22	2.016753865	0.167209679768939
1823.291601	26,457	259	26	1.983484953	0.0030260853888122
1802.080044	26,462	285	29	2.003858756	0.00557358039576103
1825.929253	26,446	286	24	1.993516336	0.0048235889557349
1855.094941	26,446	287	22	2.035570105	0.0218720784339062
1960.339223	26,392	304	35	2.174373437	0.0175186485864741
1870.230007	26,377	311	26	2.156466962	0.019154852936334
1860.247563	26,374	296	29	2.075868682	0.0198815914044185
1834.791926	26,362	283	27	1.997013995	0.019824944083608
1806.696966	26,353	304	31	1.995760314	0.0294668966945224
1822.750478	26,352	270	28	2.015597808	0.0229760489165484
1818.033285	26,366	285	28	2.004474554	0.123815758297357
1733.852510	26,360	279	24	2.005867009	0.116057829066194
1808.517524	26,360	274	20	1.963598897	0.110036209106799
1715.268814	26,348	263	20	1.967286626	0.10356805475897
1808.845574	26,345	278	27	1.986915285	0.103326242137948
1793.122137	26,349	270	27	1.950073543	0.101731005235595
1809.320145	26,339	278	25	1.993040515	0.113576011551005
1818.791222	26,348	281	27	2.006290988	0.142265853637571
1817.349385	26,350	253	26	1.987769566	0.0898181612756587
1842.491211	26,365	300	26	2.015023556	0.0929659004608008
1806.108155	26,364	271	27	1.961551989	0.0878853911282992
1783.740708	26,343	245	17	1.949457800	0.114401159238374
1824.296737	26,352	275	27	2.005726715	0.0979418103030824
1831.552486	26,354	288	35	2.042169596	0.11122117098494
1818.397904	26,366	269	30	1.982255699	0.0979966831031159
1801.261890	26,346	268	29	1.985540527	0.129512391824355
1832.977374	26,354	289	33	2.025422371	0.0988756730353933
1820.621082	26,362	289	26	1.985724478	0.104021802428198
1818.328245	26,355	288	32	2.006993578	0.137772879848339
1689.238901	26,372	265	22	1.986351977	0.0937425985777967
1812.387550	26,373	270	27	1.985936796	0.106125425769389
1802.109035	26,359	283	29	1.984874176	0.115674086968637
1823.024922	26,343	271	28	2.005974921	0.139809554484481
1788.425664	26,362	250	20	1.956465278	0.134815110033557
1809.143110	26,366	276	28	2.004334567	0.0860747634805716
1824.531350	26,359	293	29	2.028764046	0.169130906976508
1828.745190	26,368	300	36	2.024862463	0.242999080991928
1841.539034	26,371	275	23	2.024454855	0.0911484651724322
1816.547967	26,368	259	23	1.991748139	0.134721294619223
1809.076140	26,367	272	30	2.018883611	0.0812652013772369
1837.910367	26,362	289	30	2.022845720	0.0852510321045998
1714.697312	26,463	269	25	2.022645174	0.215944863188815
1757.036065	26,458	309	35	2.061819662	0.0259035054102049
1853.062598	26,466	295	35	2.082799909	0.0141523520304648
1835.947154	26,455	269	29	2.013529619	0.012742002206565
1840.946677	26,448	304	34	2.058370243	0.0167004264476403
1826.496122	26,385	302	20	2.000613014	0.0526334916764381
1814.113351	26,387	274	27	1.991006004	0.0402861805999692
1816.941386	26,375	269	24	1.997765124	0.0225958584643888
1894.722702	26,374	288	27	2.076912040	0.0243609283167239
1752.686127	26,350	297	35	2.072140021	0.0217913745734253
1830.034127	26,360	308	29	2.044301148	0.0657738591013099
1829.784660	26,365	297	30	2.038305704	0.0368855792772651
1829.608169	26,364	272	27	1.992214626	0.063426897758158
1850.447130	26,363	279	32	2.039166056	0.0504694827897359
1846.918491	26,357	298	30	2.037359972	0.123494869646926
1822.713000	26,354	278	27	1.987297502	0.0729247341836794
1818.851320	26,353	273	27	1.994010368	0.147321171805845
1816.976097	26,341	274	30	2.006138587	0.0836524452846846
1815.306283	26,346	278	26	1.989167289	0.197785097203004
1834.003765	26,360	295	31	2.021434453	0.0863270094116468
1695.502371	26,376	271	28	1.988691043	0.250042474171094
1817.429942	26,361	314	26	2.007368143	0.187238404735848
1841.375554	26,349	304	27	2.025194670	0.0548997360507946
1840.785944	26,347	263	26	2.013273042	0.430701358463598
1821.463743	26,355	271	30	1.996647388	0.285035154376367
1861.780666	26,360	271	32	2.046859817	0.229703443159886
1739.898669	26,358	266	23	1.981292504	0.140550650625682
1816.143478	26,358	261	28	1.994635937	0.417276585728144
1839.024493	26,359	275	39	2.048934815	0.416407785948297
1736.640106	26,350	306	31	2.024640408	0.456938297243061
1846.613333	26,366	256	22	2.003728026	0.117334226834994
1821.665218	26,375	279	28	2.029093321	0.149553267087416
1861.939989	26,357	274	28	2.061638051	0.394689941468949
1856.967204	26,352	279	28	2.042215204	0.390920017703246
1851.052657	26,361	278	23	2.036093985	0.0983412154466349
1842.162021	26,360	296	32	2.056726739	0.100388919186683
1830.016279	26,364	301	26	2.012573643	0.100263641506076
1802.239694	26,365	273	18	1.987487360	0.546001304285744
1831.179833	26,363	259	20	1.991592693	0.102954136925781
1815.800727	26,371	292	28	1.986230153	0.28969332164599
1828.503207	26,371	262	32	2.041548420	0.200040859820462
1721.118518	26,360	302	28	2.012989379	0.416172192482938
1792.468679	26,468	264	28	1.977564458	0.623668226616508
1811.656096	26,471	286	34	2.012887383	0.0178851024344926
1677.894577	26,467	288	25	2.002092462	0.0664361269461758
1821.632811	26,454	276	30	1.996730162	0.0621463258387442
1738.513615	26,438	330	31	2.126043085	0.0771176692120097
1817.104210	26,399	292	27	1.993520785	0.0760130832331082
1814.572029	26,384	267	23	1.966586951	0.0652020100462857
1824.855269	26,389	291	24	2.016138344	0.0755893793671263
1828.373617	26,372	276	32	2.027488467	0.0688730626143601
1815.762836	26,364	258	21	1.973018221	0.0661825858967618
1826.953530	26,364	312	37	2.015882406	0.0943944912115921
1822.732465	26,375	261	31	2.009301874	0.103930488874298
1815.488910	26,363	249	25	2.011571501	0.106381555377606
1843.178701	26,363	290	32	2.014674614	0.105176475178342
1832.277299	26,361	278	30	2.023495860	0.101354742054874
1796.985795	26,356	293	25	1.970480719	0.0985694078858907
1824.851765	26,359	267	31	2.004827820	0.0940472227656199
1818.260789	26,348	258	26	1.971658360	0.0899209453858977
1791.179615	26,343	261	21	1.989610372	0.087340411245172
1817.681048	26,359	296	34	2.016512220	0.0880252749528376
1832.215709	26,374	287	28	1.997932799	0.0891206657372888
1801.374369	26,361	261	26	1.980170414	0.0856528524600928
1798.834327	26,347	267	26	1.999063875	0.113677035759887
1754.115773	26,345	262	28	2.026412118	0.23132541131031
1823.028862	26,360	288	27	2.016188235	0.132833037482494
1839.575081	26,361	273	31	2.022834484	0.133332928635022
1806.693046	26,351	279	29	1.998694849	0.122741762419922
1813.345454	26,358	271	26	1.967376847	0.139302055036986
1823.621419	26,359	260	25	2.005138640	0.13686282192144
1815.765340	26,353	301	29	2.011743440	0.133808659908459
1824.562886	26,368	295	28	2.004592383	0.118362466587197
1833.752765	26,365	308	35	2.017681172	0.116554229516239
1851.710473	26,357	309	28	2.032897762	0.114944076101861
1855.259457	26,344	289	24	2.042777023	0.125766970807913
1761.644710	26,348	316	30	2.050336826	0.122152415110385
1740.670806	26,355	273	27	2.012461375	0.12096604485094
1842.534474	26,356	285	28	2.023491372	0.113420477509937
1848.200464	26,370	274	23	2.044510893	0.10899430000206
1750.914789	26,365	276	31	2.023538591	0.117091816839548
1865.260717	26,370	324	33	2.048599085	0.109407344436957
1833.759056	26,369	298	31	2.038975007	0.116785441507498
1845.224945	26,359	277	26	2.052190687	0.114908418962252
1876.115999	26,465	306	29	2.075941187	0.11230271508592
1852.790455	26,464	303	27	2.039935381	0.00450996222962754
1838.555316	26,456	256	25	2.025724421	0.0183938594912581
1858.182173	26,450	285	23	2.028012913	0.0297245924001707
1932.420389	26,444	324	28	2.125575221	0.017289731514814
1952.786538	26,397	321	32	2.176718218	0.0562544409110249
1941.474845	26,376	288	24	2.126244503	0.03703139898958
1957.937980	26,383	315	23	2.168060119	0.0340027766418911
1945.725495	26,369	301	20	2.141146784	0.0339659497028315
1853.117689	26,362	273	23	2.051754632	0.0388737029705936
1711.981843	26,365	274	26	1.989228989	0.0489675023637027
1800.122476	26,366	268	21	1.971954096	0.0446772501935071
1844.489381	26,360	267	24	2.033157322	0.0441854893344119
1871.173181	26,363	277	25	2.048710686	0.0440903897634821
1887.110957	26,354	270	26	2.081818849	0.0476557994633193
1830.700533	26,353	281	33	2.043785387	0.0557600470440233
1870.434779	26,355	305	27	2.066911288	0.0522634004844069
1859.311251	26,340	306	30	2.060956842	0.0505927233927359
1772.302007	26,339	293	32	2.057275536	0.0755738779922819
1858.301522	26,359	320	24	2.033718513	0.0449053065107846
1863.253345	26,371	250	20	2.037924079	0.0976787328657435
1842.396054	26,357	284	31	2.019070264	0.111824100522924
1860.121923	26,352	277	24	2.042391530	0.113736406785014
1840.660840	26,348	283	24	2.014326294	0.137677276240723
1844.052350	26,357	321	28	2.041500919	0.143954657292992
1836.283703	26,353	275	27	2.030072633	0.1283109249835
1818.569458	26,356	286	26	1.993485162	0.136056673368201
1850.206416	26,355	279	21	2.020038735	0.122152607473821
1835.340482	26,355	306	32	2.019637404	0.137752743783168
1837.857742	26,352	280	25	2.033317180	0.118409383736455
2006.873249	26,366	273	17	2.190817883	0.117680812463235
1972.859601	26,358	275	24	2.188804654	0.117549622971442
1782.762981	26,352	298	23	2.100891999	0.124818193221368
1718.395731	26,341	266	24	2.025891225	0.109044689130594
1816.248664	26,353	281	21	2.015694432	0.122640105720378
1820.658716	26,363	285	32	2.022951451	0.108477344548354
1860.711479	26,360	306	27	2.048389025	0.1455825233204
1847.989340	26,367	295	23	2.013714012	0.103720714663063
1832.296670	26,362	298	26	2.041150198	0.163312303611069
1859.288712	26,366	300	32	2.050170674	0.105928673054121
1802.548125	26,363	305	34	2.062742789	0.122169859632956
1885.943372	26,367	308	42	2.102274059	0.110859828213118
1871.546213	26,468	309	30	2.054015824	0.105985079018868
1889.226077	26,439	313	30	2.076579664	0.00435724402504877
1860.247970	26,435	293	37	2.073397506	0.0283855111538211
1851.539800	26,426	287	26	2.029941256	0.0139884708502713
1837.167080	26,416	289	26	2.016512216	0.0117744892062552
1801.277325	26,366	278	29	1.977911419	0.0165507811529707
1822.775731	26,353	298	35	2.027813361	0.106027787870067
1837.411511	26,346	264	19	2.005255514	0.119915169653069
1866.848023	26,333	275	27	2.070700644	0.0433348539555554
1830.663846	26,323	294	30	2.005862048	0.0753669510250258
1833.011497	26,330	306	31	2.031934246	0.0564773730423735
1874.797627	26,340	312	37	2.065277541	0.105894753626972
1858.504811	26,338	305	31	2.051043420	0.086946145837553
1832.471288	26,336	298	29	2.007620490	0.153552493579392
1824.149089	26,332	284	26	2.016385223	0.0836215797768717
1826.634038	26,327	278	27	2.000688123	0.0621122699173773
1861.043197	26,331	306	29	2.046302431	0.0412145993228384
1874.195643	26,317	301	23	2.058249996	0.127414664372318
1763.211727	26,321	279	33	1.997554464	0.215318632526055
1870.816528	26,327	299	30	2.083009258	0.222327096786684
1852.427441	26,349	295	23	2.037650105	0.0833483077501185
1876.517227	26,339	276	31	2.049294137	0.170592962901293
1864.086868	26,328	294	23	2.045258486	0.120010113722713
1742.995868	26,329	277	23	2.025982923	0.166177542496147
1841.425322	26,333	297	28	2.005075136	0.104050559314585
1869.486390	26,342	308	29	2.058524178	0.362723025715903
1853.471331	26,333	283	33	2.054678942	0.188291083415322
1857.839164	26,331	298	29	2.048273576	0.1980617245499
1849.370184	26,333	290	28	2.037571839	0.101727748225499
1820.812019	26,338	269	26	1.976252985	0.251324447269909
1846.136696	26,343	285	27	2.015352844	0.217113278588054
1869.487112	26,341	301	23	2.064287528	0.170737855249393
1891.597216	26,331	281	28	2.103382854	0.608611283304033
1849.300428	26,333	282	26	2.028404355	0.331345549608675
1818.619418	26,341	281	23	2.005805633	0.0687617439512733
1789.565549	26,339	285	25	1.960968581	0.411409062624365
1815.364486	26,347	286	26	1.998445910	0.395718091510212
1816.836337	26,347	287	31	1.999306413	0.276167625662124
1808.509104	26,338	286	23	1.956612704	0.219170578527501
1815.168861	26,346	278	21	1.983229729	0.754679154465622
1818.240856	26,354	271	20	1.993668984	0.27944161870065
1821.636055	26,347	288	27	2.006819403	0.0927719792060014
1838.730055	26,445	293	32	2.025823147	0.275519599604198
1828.134580	26,435	285	35	2.033251984	0.00367728528039607
1818.725399	26,435	294	29	1.983714836	0.00348074767423132
1839.937933	26,430	295	31	2.009374474	0.0371688455297904
1838.988555	26,430	302	32	2.021805274	0.0183952428721942
1833.276254	26,361	300	29	1.987062445	0.0426863840024467
1731.047218	26,367	286	26	2.014618208	0.0345299855482115
1872.882357	26,355	311	25	2.068986233	0.0245854240494654
1845.598862	26,342	300	30	2.023942865	0.0267526338714572
1840.760628	26,330	291	25	2.023323772	0.0232868735375354
1836.223110	26,339	297	27	2.014312532	0.0440858503323194
1840.281658	26,346	282	24	2.020228537	0.0296746082749176
1836.790168	26,340	288	28	2.047978427	0.0377178572101736
1829.811839	26,348	282	26	2.035697953	0.0267531781478869
1853.956078	26,336	288	28	2.020995313	0.0272736866150124
1826.666313	26,334	294	36	2.038196070	0.0516774799066986
1874.024472	26,328	303	37	2.087727777	0.0593301868785887
1824.621755	26,317	273	30	2.030735849	0.039266833501737
1763.702028	26,326	282	26	2.034067382	0.0850929226647169
1857.394897	26,331	289	32	2.040873911	0.0812299439013509
1826.204847	26,340	287	33	2.034054865	0.101277822541156
1748.983767	26,337	277	29	2.021279316	0.0799735915689467
1787.564567	26,324	312	29	2.048747197	0.068698981780272
1856.807936	26,329	299	29	2.035226605	0.101978539071663
1751.932271	26,328	283	22	2.018426261	0.115157470874096
1850.255065	26,327	301	27	2.058796605	0.0731798401439882
1843.507787	26,325	293	30	2.060389662	0.0685264022650529
1853.612749	26,324	296	26	2.042735619	0.0813055761854093
1841.263235	26,330	289	29	2.029567103	0.101220141722075
1840.006936	26,330	308	30	2.010800610	0.0968572583608476
1829.659918	26,341	306	32	2.024549808	0.0968548464258116
1855.646112	26,338	313	36	2.049674335	0.0994454660601005
1860.312647	26,324	281	28	2.032420347	0.0977067664243903
1850.217593	26,318	280	30	2.028548423	0.1510241102807
1823.052159	26,329	278	21	1.984090447	0.10958433133812
1832.024657	26,338	288	30	2.031111116	0.101898912299766
1836.496314	26,327	291	30	2.010026354	0.09846836920232
1833.610379	26,336	300	27	2.024002542	0.150269468159012
1846.503911	26,342	293	26	2.014581484	0.135889816393305
1826.266045	26,336	273	31	2.022477887	0.154199455943493
1846.703625	26,338	315	34	2.046459083	0.163662458224983
1842.420435	26,339	285	27	2.026472528	0.13624681464254
1831.539671	26,435	291	25	2.022004840	0.120003400622736
1852.751639	26,437	320	35	2.042114667	0.00384616186587303
1826.462178	26,429	281	32	2.019606864	0.004070136563127
1744.815679	26,415	290	25	2.022535297	0.00975773935952388
1813.483377	26,421	271	23	1.973730859	0.00436705675587183
1841.133114	26,356	290	30	2.023860824	0.00912291492995156
1715.183356	26,355	266	21	1.976208088	0.0226637827447546
1792.278791	26,356	295	26	1.959608055	0.0255072977367459
1826.556738	26,332	292	28	2.014976669	0.0188986702853181
1812.105412	26,334	275	33	2.018030058	0.0257685955967197
1835.533911	26,327	292	32	2.032885029	0.0102656619639735
1852.434177	26,336	275	20	2.035170343	0.0204375453365353
1848.863573	26,326	284	28	2.016951714	0.0149108023535789
1848.141690	26,337	294	32	2.008287878	0.0246891921961312
1821.206568	26,328	276	36	1.996526515	0.0180559018379063
1800.687391	26,326	285	29	1.982424610	0.0502803380880852
1844.633765	26,323	293	36	2.017873482	0.0212354420280908
1833.708658	26,310	304	29	2.019908258	0.0519416644241332
1833.243556	26,321	284	26	2.001731685	0.0364441197077453
1791.041622	26,322	281	20	1.989268493	0.0378258871622236
1820.674386	26,341	287	33	1.992221155	0.0336075966714275
1807.089953	26,332	267	22	1.954544722	0.0451988305126882
1805.005524	26,318	279	25	1.977704343	0.0536371717488483
1804.739304	26,319	285	32	1.992504710	0.0550102455172822
1832.766920	26,329	290	28	2.023275663	0.0560501107671643
1845.002355	26,328	291	27	2.015934483	0.0757816759393242
1757.236686	26,328	309	33	2.030698161	0.0840582427290212
1829.822907	26,327	272	26	2.023583739	0.106052753502255
1848.621737	26,327	281	30	2.031197247	0.0698575403942258
1852.597333	26,328	284	33	2.028159090	0.112443939923592
1883.316150	26,343	300	32	2.081322125	0.1059793078509
1924.890633	26,338	305	27	2.140645022	0.12095742121312
1955.354285	26,323	290	23	2.179653286	0.113619419721835
1953.019062	26,320	309	25	2.171951833	0.0615859571664891
1953.214920	26,321	303	24	2.184677444	0.0623513455380614
1863.846471	26,331	307	29	2.106382201	0.0601510587327758
1860.058655	26,335	318	34	2.046597978	0.305164267250898
1857.284727	26,338	294	28	2.036822708	0.111563788684561
1823.070019	26,326	280	30	2.021554931	0.128819558121619
1846.803071	26,337	305	39	2.054326089	0.0960119182726559
1838.438555	26,331	280	29	2.035426980	0.106726229849076
1866.825676	26,330	299	32	2.051507183	0.0959406553467547
1857.639657	26,427	274	27	2.032969159	0.109492146750645
1872.234387	26,431	292	39	2.074544095	0.0925135644650078
1832.437686	26,436	301	29	2.024962240	0.0686020513576253
1827.090472	26,419	278	24	1.992396426	0.0591340432333577
1849.195210	26,411	278	28	2.026473373	0.0554228997192216
1859.436574	26,357	290	23	2.032378437	0.0558627474737797
1857.330923	26,349	293	32	2.064364451	0.0864009502555989
1865.973006	26,344	290	32	2.047288532	0.0641552668504542
1830.473086	26,325	277	26	2.002869666	0.0539898636592134
1849.197269	26,321	271	25	2.055561496	0.0553377325471317
1733.961066	26,327	293	31	2.051976480	0.12003099985021
1854.444037	26,339	298	26	2.034224622	0.0929206510698069
1944.913130	26,333	307	30	2.171973535	0.1349928726273
1891.362172	26,332	319	28	2.210073561	0.0525042842175916
1867.013454	26,315	306	28	2.158077503	0.15921963322456
1839.434168	26,326	287	30	2.015104823	0.0526089157336257
1832.533513	26,321	301	29	2.024854441	0.103770828683561
1851.244003	26,310	279	33	2.047551275	0.0747482840743615
1825.551853	26,322	268	26	2.032723636	0.324273048914761
1854.729144	26,329	307	30	2.051597469	0.200505402684502
1853.637135	26,338	280	28	2.042773455	0.0836388934380469
1862.541131	26,333	290	23	2.046585648	0.0581694167685805
1713.524498	26,319	297	30	1.999331496	0.0734127580273992
1821.278528	26,325	287	34	1.997649057	0.212038344354225
1823.633335	26,330	279	28	2.009305940	0.261325581277577
1843.376265	26,321	310	30	2.017783759	0.100892521656868
1815.905899	26,326	274	23	1.984773135	0.283195918166695
1819.925409	26,319	301	25	2.003782018	0.103689134844904
1862.980772	26,327	303	29	2.046951203	0.327960934513534
1840.742830	26,328	279	27	1.999133170	0.113509482703362
1828.562207	26,340	288	26	2.007216610	0.0907730330527835
1838.541620	26,339	286	21	2.015702305	0.192761173650566
1857.557883	26,320	289	30	2.025973762	0.118362784241593
1836.950580	26,316	282	26	2.022615183	0.05973352081464
1823.410440	26,324	299	29	2.018166284	0.397535368063368
1846.189394	26,338	299	26	2.022923501	0.188367931364654
1831.874801	26,336	312	37	2.045015816	0.22015533197313
1853.669727	26,333	294	26	2.022736331	1.07889667927845
1810.335111	26,331	276	26	1.997253802	0.537309137468988
1847.725742	26,335	280	27	2.022543192	0.625028431679071
1819.670912	26,338	271	24	1.987884179	0.362640791347006
1812.784340	26,343	294	33	1.991941767	0.465200070624379
1725.089931	26,431	294	36	2.025189191	0.33444292794086
1858.711160	26,434	286	28	2.033805635	0.0185768676788536
1860.145070	26,429	301	31	2.031811032	0.0280380761188163
1749.370913	26,431	294	31	2.041229028	0.0244587330433605
1723.398869	26,417	276	28	2.026960880	0.0478928489188105
1861.284784	26,351	306	33	2.058696411	0.0414034573009017
1841.436800	26,348	280	26	2.005125412	0.0381878457889975
1862.112252	26,344	278	26	2.048800735	0.0408271934231343
1840.097922	26,339	289	29	2.031028390	0.0287726537602099
1811.342903	26,326	295	35	1.981175240	0.0290901103385435
1783.425173	26,328	278	27	1.981653743	0.0276225798164438
1799.819216	26,341	276	27	1.961807001	0.0254398192868623
1801.618670	26,340	278	30	1.977671981	0.0253760711012259
1831.223250	26,345	312	32	2.023929832	0.0457783789285846
1826.775337	26,331	291	27	2.012026103	0.0441168945500983
1827.773235	26,332	284	32	2.017234020	0.0294713802556685
1747.337354	26,332	293	24	2.025783487	0.0297317863714314
1821.614431	26,317	280	23	1.993790765	0.0852578148457166
1802.487088	26,326	269	24	1.969179064	0.0903329801364945
1818.362895	26,329	305	27	1.994358070	0.0634871901801077
1810.213824	26,343	269	25	1.970091994	0.0640393301452916
1834.707782	26,342	313	27	2.008080599	0.0693523001872526
1844.718327	26,326	292	26	2.051822436	0.0912666322358562
1829.506814	26,323	284	29	2.013733725	0.0891818054134449
1820.193482	26,336	285	31	2.009759282	0.134957113299941
1862.998700	26,332	273	31	2.040334129	0.0854291513582794
1729.012675	26,327	281	29	2.019966005	0.128600704817239
1838.457625	26,332	308	36	2.041084771	0.0982236921177168
1709.913020	26,332	291	28	2.029695945	0.136653803186336
1743.241670	26,332	278	31	2.024922899	0.0803078504901845
1798.011639	26,338	291	33	1.974938794	0.166820452307312
1848.108129	26,346	281	27	2.019858568	0.141087928201764
1832.806317	26,327	289	25	2.015764683	0.170788961129225
1836.768423	26,323	273	25	2.010944597	0.0999378849128475
1857.380018	26,329	314	28	2.024796628	0.131944367685575
1736.261636	26,340	279	23	1.992969329	0.175479316777757
1826.439529	26,336	291	24	1.988743218	0.0974078966180928
1864.716606	26,334	294	30	2.043243975	0.139675996488925
1843.767993	26,340	277	31	2.049185933	0.103386117026426
1823.650356	26,341	287	25	2.004677040	0.153043902707299
1840.677582	26,342	266	29	2.045763968	0.19975324018483
1844.994267	26,330	290	33	2.036473265	0.151335361244629
1865.470243	26,439	282	29	2.058269778	0.213919283326432
1881.732230	26,431	312	23	2.059510127	0.00391191536944728
1878.264264	26,424	283	25	2.064705484	0.0217417120825231
1846.369529	26,416	264	26	2.030438978	0.0181471602820428
1861.101753	26,417	299	27	2.062122783	0.0231050956687951
1722.157149	26,365	292	28	2.033102180	0.0458166533602646
1849.492566	26,345	301	29	2.031764634	0.0440831963604706
1863.110502	26,350	291	28	2.048533420	0.0387507131860121
1723.536095	26,337	286	38	2.017724398	0.0391518347519975
1824.295129	26,322	270	31	2.005775261	0.0756453047656106
1840.739220	26,331	291	30	2.024881771	0.045906523813137
1843.976685	26,337	293	25	2.022053255	0.0871352590881776
1811.164818	26,332	286	34	2.002738959	0.0318493163682961
1844.406097	26,342	303	33	2.045665984	0.118359284244555
1825.164903	26,334	290	29	1.997486305	0.0221317030320331
1834.249189	26,327	267	23	1.995159769	0.0356029506839542
1703.856048	26,331	283	30	1.993876315	0.0432333152269026
1805.911094	26,328	283	26	1.984745300	0.0659025161411162
1830.434637	26,327	282	31	2.009715671	0.0793208931466344
1867.344526	26,329	314	27	2.053096728	0.160555851469182
1831.225665	26,340	275	33	2.035189534	0.0534600521503166
1821.095466	26,329	282	25	2.019232283	0.0948914147618635
1853.072654	26,322	299	30	2.037268864	0.410126338067655
1837.142358	26,323	312	34	2.034647908	0.253626632342143
1830.481661	26,326	293	28	2.002162709	0.137097269893986
1825.223355	26,325	264	26	2.019621747	0.066145431571095
1843.452346	26,321	267	23	2.009338549	0.173568626047605
1819.416650	26,325	283	31	2.010701037	0.1373451304792
1847.791216	26,327	291	25	2.017290525	0.104003457296158
1803.489637	26,330	295	35	1.980436291	0.0889148946566714
1815.750267	26,351	278	26	2.015462838	0.125449044997652
1833.262275	26,339	289	28	1.994541734	0.225140139967819
1810.697325	26,333	290	29	1.997477711	0.186723786584963
1759.469248	26,310	278	25	1.978113575	0.0653108569110877
1721.857958	26,317	298	29	1.982492363	0.157303228302241
1831.748477	26,329	281	27	2.009667564	0.163495502106702
1818.805397	26,337	290	27	1.992152782	0.528879833794338
1808.492488	26,330	265	28	1.982745200	0.0729774388689841
1806.135591	26,327	292	30	1.999596968	0.257333428646662
1824.262787	26,332	289	26	2.012447828	0.110922966966493
1851.675492	26,337	280	30	2.042791482	0.4505745341409
1817.645451	26,323	287	27	2.014040045	0.0802285208425456
1813.670975	26,424	281	26	1.988552872	0.116503871943583
1829.318234	26,427	301	36	2.033608166	0.0214830763810873
1817.148834	26,431	295	31	1.989439274	0.0229114813661959
1853.693290	26,411	271	20	2.009467234	0.0379546864811944
1900.355472	26,396	310	25	2.084760006	0.0319200768954015
1848.703472	26,346	279	26	2.019265128	0.0309486877173707
1844.256192	26,343	289	32	2.013882309	0.0332869326706726
1820.835828	26,345	273	34	2.057063580	0.035736024146496
1840.917089	26,323	287	31	2.003310856	0.112265679404292
1826.853514	26,321	294	39	2.035767108	0.129916271015116
1815.098349	26,328	274	32	1.992217012	0.0929666510844749
1843.358110	26,331	296	28	2.019206369	0.0764232504715624
1827.270990	26,319	282	29	1.999319579	0.0389848100877396
1837.169731	26,332	303	33	2.006921500	0.154419659964098
1832.971002	26,322	273	23	2.010810051	0.0733940520061896
1838.864670	26,332	294	25	2.084945041	0.22822325706817
1897.942003	26,323	317	34	2.110313429	0.203687096418499
1876.298328	26,311	298	31	2.090293042	0.0810924641256498
1811.760602	26,312	289	30	2.124806005	0.175164185009094
1910.727189	26,321	315	29	2.122870819	0.0533957678226178
1833.384788	26,329	283	38	2.032534403	0.243190800526317
1838.431599	26,329	284	30	2.020101252	0.068235319658668
1816.348316	26,314	301	32	1.995518369	0.0902810814485739
1848.194740	26,314	290	25	2.029475967	0.261875755387527
1820.165468	26,316	281	24	2.009995640	0.107958906792874
1842.251424	26,316	307	26	2.021261905	0.127427229966173
1840.246356	26,319	295	29	2.016728176	0.133241412291543
1827.238540	26,315	293	26	1.977382794	0.664166423086195
1783.716070	26,328	264	24	1.959761650	0.120579580684411
1815.258211	26,324	273	24	1.960062132	1.03197745081356
1812.115117	26,337	289	31	2.008172693	0.104717836202489
1805.068666	26,335	285	26	1.991156140	0.506471329852118
1802.840323	26,317	279	30	1.995775385	0.132904547295391
1834.445016	26,315	284	32	2.018613653	0.851586415007354
1847.217914	26,315	283	33	2.044445728	0.460624161091952
1807.931657	26,352	295	29	2.059092962	0.230054572589556
1872.902586	26,358	295	29	2.065572472	0.445356372713998
1929.765157	26,355	297	25	2.110111594	0.363654383790102
1989.138089	26,358	314	26	2.191409105	0.200371779275059
2001.210975	26,354	301	29	2.205399227	0.63124186520396
1857.789574	26,360	280	21	2.014135298	0.39332496903691
1866.395764	26,356	291	31	2.046993326	0.16689284199285
1750.810222	26,444	276	22	2.035391070	0.504879018027579
1872.063658	26,458	290	33	2.055890819	0.00193312951058563
1871.015379	26,447	312	32	2.062366012	0.030903632337573
1869.284348	26,441	289	27	2.045342801	0.0161067695980276
1728.614155	26,438	284	30	2.013358688	0.0135702186452684
1866.648096	26,377	305	33	2.045913699	0.0810791628782335
1856.575765	26,375	296	26	2.037952839	0.0762107158905987
1850.961003	26,368	288	26	2.035643371	0.0926592775976218
1831.923765	26,355	274	30	2.004972346	0.0783536938804646
1822.878038	26,352	276	27	1.994765163	0.0888580067096977
1840.184025	26,360	278	26	2.021553923	0.0851586616232658
1821.607589	26,362	268	24	1.984334768	0.0697403749015864
1850.654776	26,348	308	23	2.021118148	0.0909394241112089
1721.285267	26,358	283	30	2.023799428	0.0684803261167814
1836.166523	26,346	288	31	2.034702653	0.0945118160355564
1766.111125	26,344	296	28	2.047775918	0.452557711433951
1835.245109	26,351	289	26	1.997429514	0.10636264690207
1838.836072	26,338	286	29	2.022136240	0.102573413632097
1851.836268	26,342	314	29	2.032552186	0.115163000409495
1856.170548	26,347	283	26	2.048560845	0.117036189519079
1878.141885	26,357	280	23	2.066058936	0.107910553680789
1909.267089	26,353	292	31	2.111691413	0.101883919722542
1839.543745	26,337	293	28	2.020530738	0.112500955247765
1827.259722	26,344	287	34	2.013065651	0.102038981877632
1845.894671	26,351	316	30	2.029593491	0.139480731751403
1835.092377	26,347	300	29	2.007161653	0.112645940222626
1834.286546	26,352	282	25	1.994908397	0.1418227721669
1831.483956	26,344	284	31	2.002072686	0.0969913048277921
1836.875000	26,351	309	27	2.018210009	0.0938790876978531
1857.885012	26,347	296	26	2.048540581	0.0978686268462462
1758.706122	26,367	294	29	2.064916637	0.114940738736744
1815.476256	26,356	288	29	1.999043455	0.123325098627825
1799.561353	26,343	282	26	1.963285699	0.178694582741202
1808.563753	26,345	286	28	1.988951303	0.119412093215863
1826.576014	26,348	278	30	2.012083172	0.172058979617435
1851.298561	26,357	284	30	2.032700245	0.193996119372461
1854.131455	26,359	292	31	2.050915322	0.188139055599204
1837.666485	26,366	286	28	2.007104150	0.129274477324137
1832.661913	26,357	268	26	1.999634359	0.164848335141793
1857.376876	26,367	285	29	2.030112179	0.146059124555663
1849.580012	26,367	279	28	2.025195900	0.210815035297496
1824.569256	26,355	279	23	1.984540449	0.112140948018873
1820.853762	26,463	314	26	2.021924314	0.103187018459085
1820.442491	26,453	286	27	2.001213003	0.0438823227211471
1805.019544	26,454	287	28	1.989056109	0.013224370718449
1830.322893	26,439	304	28	1.995795589	0.0185331610519093
1804.391455	26,434	291	33	1.971880692	0.132445904178231
1718.061973	26,377	265	27	1.995338661	0.128971870678639
1796.487898	26,365	282	29	1.981616530	0.112162293540118
1783.590768	26,371	253	19	1.962244667	0.124696366212948
1794.606644	26,361	261	19	1.951712130	0.0941193145489934
1818.331762	26,354	272	17	1.991585302	0.108913956006631
1821.918668	26,364	291	33	2.017441898	0.0921460369096422
1777.046377	26,366	271	26	1.932860375	0.0903456329393226
1795.239122	26,362	267	26	1.968737849	0.0861356695821486
1698.650783	26,369	279	16	1.955501467	0.0941799532419917
1764.149281	26,359	273	26	1.954934222	0.0834544333281188
1803.843633	26,355	306	33	1.982148259	0.0823265314108636
1797.955521	26,351	284	28	1.980797795	0.0772195696313948
1806.786946	26,342	294	26	1.996885454	0.0969175722901305
1825.220145	26,351	302	25	1.988218625	0.0756607124399088
1716.804363	26,354	294	23	2.000056582	0.0768991439481582
1831.966059	26,357	279	29	2.020937682	0.113066112701158
1819.471748	26,358	299	28	1.996751339	0.10518762393585
1776.384367	26,344	278	30	1.984172429	0.0929464211143922
1798.378829	26,353	276	31	1.976844887	0.0880199645831947
1808.357135	26,355	288	30	1.976795015	0.0868691772894629
1778.402741	26,352	275	24	1.940918077	0.114328911495244
1804.185190	26,354	305	30	1.972612233	0.0772709801468976
1845.585886	26,344	289	18	2.007020843	0.186009574765677
1819.629630	26,355	270	32	2.012420287	0.148230904423355
1820.073504	26,355	283	27	2.016151147	0.0867470624732024
1807.381207	26,368	295	36	2.008536823	0.0789971101341149
1810.526774	26,368	299	38	2.026949948	0.112081669927452
1826.511250	26,350	286	33	2.052586309	0.195247664692748
1829.437449	26,344	296	26	1.990115458	0.241700600144854
1719.534263	26,354	281	27	1.991932651	0.275489587245554
1811.862486	26,363	310	34	2.001444387	0.595409728560698
1729.005395	26,358	296	29	1.999960590	0.0923488753252799
1783.415251	26,369	290	25	2.007502409	0.2662635868514
1780.203062	26,364	299	28	1.994707635	0.158540642407929
1832.770731	26,377	287	33	2.018177105	0.0938598933611222
1838.508473	26,371	289	35	2.030888305	0.190699180930226
1825.823240	26,358	282	27	2.006916733	0.178151673905196
					0.305274524656488
